run_tag,config_hash,scenario,participant_count,replication,seed,divergences,max_rhat,min_ess,operational_success,strict_convergence,episode_specific_interaction_slope_bias_mean,episode_specific_interaction_slope_mae,episode_specific_interaction_slope_rmse,episode_specific_interaction_slope_coverage,episode_specific_interaction_slope_sign_recovery,episode_specific_interaction_slope_hdi_width_mean,main_effect_bias_mean,main_effect_mae,main_effect_rmse,main_effect_coverage,main_effect_sign_recovery,main_effect_hdi_width_mean,coefficient_rmse,coefficient_coverage,coefficient_sign_recovery,coefficient_hdi_width_mean,cell_mean_rmse,cell_mean_mae,cell_mean_coverage,average_cell_hdi_width,winner_accuracy,mean_probability_true_winner,true_winner_probability_gt_0_50_rate,true_winner_tie_count,rows,clipped_ratings,failed,error_type,error_summary,warning_count,warning_summary,elapsed_seconds
phase3c_final_highrep_v1,350ccb9c668fdd57,higher_noise_moderate_effects,20,1,325501,0,1.02,115.0,True,False,-0.19474265928359363,0.9339416976699481,1.0352265968144765,1.0,0.9,4.626102070491127,0.1170062776334575,0.4791455572018518,0.5223813599083017,1.0,1.0,3.3721751888291105,0.918401958693135,1.0,0.9285714285714286,4.267837247159123,3.028815442036311,2.6619821528718495,0.9666666666666667,9.818286568566815,0.9,0.8349374999999999,0.9,0,600,1,False,,,0,,5.957088232040405
phase3c_final_highrep_v1,350ccb9c668fdd57,higher_noise_moderate_effects,20,2,325502,0,1.06,54.0,False,False,-0.2357870400331486,0.8043469704476726,1.2087396452775694,0.9,1.0,4.589287865524685,0.6275181510377384,1.2685903164167827,1.5592416562875708,0.75,0.75,3.222067098326051,1.318425832776862,0.8571428571428571,0.9285714285714286,4.19865336061079,3.279767136625039,2.820237052927778,0.9333333333333333,11.976913652385063,0.8,0.7419999999999999,0.75,0,600,11,False,,,0,,6.094913005828857
phase3c_final_highrep_v1,350ccb9c668fdd57,higher_noise_moderate_effects,20,3,325503,0,1.02,66.0,True,False,-0.10963017715493177,0.5359116789727432,0.6572367239128104,1.0,0.9,4.713774823927743,0.5341297828362712,0.5360578461594465,0.7365837610217334,1.0,1.0,3.1981909552984877,0.6808515498256642,1.0,0.9285714285714286,4.2807508614622405,1.3541413356998486,1.1114850921636157,1.0,12.597766955764728,0.9,0.8575000000000002,0.9,0,600,13,False,,,0,,6.920064687728882
phase3c_final_highrep_v1,350ccb9c668fdd57,higher_noise_moderate_effects,20,4,325504,0,1.01,196.0,True,True,0.11632516302454605,0.7702700483155447,0.8694937695322885,1.0,0.9,4.73917118994668,0.023634372121171504,0.5851603973080801,0.6905889470146697,1.0,1.0,3.33525911665366,0.822359259670006,1.0,0.9285714285714286,4.338053454720103,2.037202869611766,1.4942887200104369,0.9833333333333333,8.427946144947239,0.95,0.8488125,0.95,0,600,3,False,,,0,,6.45663595199585
phase3c_final_highrep_v1,350ccb9c668fdd57,higher_noise_moderate_effects,20,5,325505,0,1.01,78.0,True,False,0.00219035065247315,1.1603341234558144,1.4512920206171875,0.9,0.9,4.461539048190863,0.2121156802405883,0.839714304962573,1.0968963443282318,0.75,0.75,3.0836972315388227,1.3594960109192185,0.8571428571428571,0.8571428571428571,4.067869957718852,3.5732646453664003,2.9861627578202965,0.8833333333333333,11.015207195819734,0.85,0.85125,0.85,0,600,16,False,,,0,,6.304084777832031
phase3c_final_highrep_v1,350ccb9c668fdd57,higher_noise_moderate_effects,20,6,325506,0,1.02,94.0,True,False,0.4487391169279471,1.5320974312488147,1.7138991348691945,0.9,0.7,4.773158105363732,0.9014368704774588,1.3497673193358835,1.79393524004776,0.5,0.75,3.269036884944078,1.7371429135014151,0.7857142857142857,0.7142857142857143,4.34340918524383,2.1536410059507114,1.6922763487548669,0.9833333333333333,10.145946602847886,0.8,0.8059375000000001,0.8,0,600,6,False,,,0,,5.675365686416626
phase3c_final_highrep_v1,350ccb9c668fdd57,higher_noise_moderate_effects,20,7,325507,0,1.01,152.0,True,True,-0.3029934890944624,0.7504185677602785,0.8110439252240321,1.0,0.9,4.479879898824881,-0.13575003794250484,0.5858903250575057,0.7138982407933037,1.0,1.0,3.2170526096456853,0.7845164697924789,1.0,0.9285714285714286,4.119072101916539,4.922128982259342,4.747096113370926,0.4166666666666667,8.9360941400251,0.9,0.8214375,0.9,0,600,1,False,,,0,,5.5527777671813965
phase3c_final_highrep_v1,350ccb9c668fdd57,higher_noise_moderate_effects,20,8,325508,0,1.02,122.0,True,False,0.01615727284363171,1.024867561790282,1.412944357792832,0.9,0.8,4.512713467404774,0.07198104109161108,0.2291778767510796,0.28976113410908877,1.0,1.0,3.13807474913988,1.204158379519747,0.9285714285714286,0.8571428571428571,4.119959547900518,2.0478119952429883,1.3973658343219169,0.9333333333333333,10.287923809557068,0.8,0.7685625,0.8,0,600,9,False,,,0,,8.065486192703247
phase3c_final_highrep_v1,350ccb9c668fdd57,higher_noise_moderate_effects,20,9,325509,0,1.03,108.0,True,False,0.20580280118435174,1.0686725200381173,1.2302055025906489,1.0,0.9,4.791889861220454,0.24759987838481623,0.9308624398280443,1.0562629451667618,0.75,0.75,3.3622650392834252,1.183120010316927,0.9285714285714286,0.8571428571428571,4.383425626381303,2.007605888137531,1.6615940330181649,1.0,11.394262841111535,0.85,0.853875,0.85,0,600,17,False,,,0,,5.602853059768677
phase3c_final_highrep_v1,350ccb9c668fdd57,higher_noise_moderate_effects,20,10,325510,0,1.04,79.0,True,False,0.4026081940194851,0.8386800583910207,1.1260312203504832,1.0,0.7,4.54395178366405,0.4038146215080462,0.7629546581562088,1.0055706614422129,1.0,0.75,3.1965461529061803,1.0929694974391457,1.0,0.7142857142857143,4.158978746304659,3.800453256672507,3.3716595334207216,0.9166666666666666,11.246425578104292,0.8,0.7957500000000002,0.8,0,600,27,False,,,0,,5.705190658569336
phase3c_final_highrep_v1,350ccb9c668fdd57,higher_noise_moderate_effects,20,11,325511,0,1.03,97.0,True,False,-0.11825291070949506,1.166662733037659,1.3602866760347225,1.0,0.9,4.715445382838349,0.2941432946882877,0.3982608627347578,0.437079358607728,1.0,1.0,3.2389804044022577,1.1731505771352781,1.0,0.9285714285714286,4.293598246142324,1.8554109156327865,1.5175317356299187,1.0,10.601540741217852,0.8,0.8003750000000001,0.8,0,600,6,False,,,0,,6.127529621124268
phase3c_final_highrep_v1,350ccb9c668fdd57,higher_noise_moderate_effects,20,12,325512,0,1.02,78.0,True,False,0.3511046331647865,0.6612641236698262,0.9531170562520205,1.0,0.9,4.606966429993451,0.8990852249276848,0.8990852249276848,1.0645161401932206,1.0,0.75,3.284318079890417,0.9862301846683179,1.0,0.8571428571428571,4.229066901392585,3.8408016135786895,3.4672721037022387,0.8833333333333333,11.485307605567504,0.85,0.7889375,0.85,0,600,4,False,,,0,,6.444649934768677
phase3c_final_highrep_v1,350ccb9c668fdd57,higher_noise_moderate_effects,20,13,325513,0,1.01,125.0,True,True,-0.17634661241381117,0.7197524317453637,0.9028234979139511,1.0,0.9,5.073563673541946,0.6986178847968332,0.6986178847968332,0.9824011198512006,1.0,0.75,3.487322094022535,0.926257852289654,1.0,0.8571428571428571,4.620351793679256,5.612040724096117,5.455049148152122,0.35,10.075978121879595,0.95,0.8508125,0.95,0,600,3,False,,,0,,7.050146102905273
phase3c_final_highrep_v1,350ccb9c668fdd57,higher_noise_moderate_effects,20,14,325514,0,1.02,88.0,True,False,-0.3192349480878052,0.9518082470185003,1.2605404295365978,0.9,0.8,4.7061612607480745,-0.33568525060503335,0.3866138643466958,0.5168755793304733,1.0,1.0,3.509698617632841,1.100592801402822,0.9285714285714286,0.8571428571428571,4.36431479128658,1.693259621011538,1.2897449970275825,1.0,11.284795762236094,0.85,0.8229374999999999,0.85,0,600,12,False,,,0,,6.663759231567383
phase3c_final_highrep_v1,350ccb9c668fdd57,higher_noise_moderate_effects,20,15,325515,0,1.02,129.0,True,False,-0.0657158812651834,0.6855016142258836,0.7763605133362019,1.0,1.0,4.6261004168613695,0.4143575383968052,0.4694385901514957,0.6502245676814525,1.0,0.75,3.2484589089232947,0.7425113957924262,1.0,0.9285714285714286,4.23248855745049,2.7177462836419224,2.433143559586826,0.9666666666666667,9.809420315336947,0.9,0.8131875000000001,0.9,0,600,2,False,,,0,,6.868210792541504
phase3c_final_highrep_v1,350ccb9c668fdd57,higher_noise_moderate_effects,20,16,325516,0,1.03,87.0,True,False,-0.10820259699595569,0.8053790036831454,1.0086735068749972,1.0,0.8,4.506582917664646,-0.06555138097638702,0.4117515796685365,0.44289261912089933,1.0,1.0,3.1621334339894522,0.8847452386745549,1.0,0.8571428571428571,4.1224544937574485,1.6013646651950901,1.269077797382076,1.0,10.453119604357546,0.95,0.8313750000000001,0.95,0,600,8,False,,,0,,11.003481149673462
phase3c_final_highrep_v1,350ccb9c668fdd57,higher_noise_moderate_effects,20,17,325517,0,1.01,79.0,True,False,0.3250687991491061,0.9676504319246568,1.059477013823616,1.0,0.8,4.878265113875999,-0.06572063073753542,0.6883789929858617,0.7780599724101305,1.0,0.75,3.340753711113663,0.987291558864578,1.0,0.7857142857142857,4.4389761416581885,2.4377927139184323,1.8124959298534349,0.9666666666666667,10.818932471671724,0.85,0.8179375,0.85,0,600,8,False,,,0,,6.955485820770264
phase3c_final_highrep_v1,350ccb9c668fdd57,higher_noise_moderate_effects,20,18,325518,0,1.02,94.0,True,False,-0.35600974383328954,0.9328743124241831,1.0810072227058816,1.0,0.9,4.656170662083754,0.29821771943132036,1.042182220897187,1.258901412762158,0.75,1.0,3.273235154619619,1.1346836319193956,0.9285714285714286,0.9285714285714286,4.261046231379716,2.539941094115613,1.9585518436125446,0.9,9.521552354629982,0.85,0.791625,0.85,0,600,10,False,,,0,,6.662014007568359
phase3c_final_highrep_v1,350ccb9c668fdd57,higher_noise_moderate_effects,20,19,325519,0,1.04,47.0,False,False,-0.06501560724968561,0.997654083329109,1.1448428147045027,1.0,0.8,4.537017325335089,0.20689270874858537,0.6984777227572556,0.7363023931773726,1.0,1.0,3.2591242219954104,1.0445510163496832,1.0,0.8571428571428571,4.171905010095181,1.9530895093343295,1.6047526239759773,1.0,11.348716240582776,0.9,0.8254374999999999,0.9,0,600,10,False,,,0,,12.143471479415894
phase3c_final_highrep_v1,350ccb9c668fdd57,higher_noise_moderate_effects,20,20,325520,0,1.06,34.0,False,False,-0.012691636660987892,0.9412198335477354,1.048030134056451,1.0,0.8,4.679994681832342,0.7883716634880711,0.8193754684583878,1.263182772496098,0.75,0.75,3.3703959503742054,1.113751526721017,0.9285714285714286,0.7857142857142857,4.3058236157014464,2.1359115045025256,1.4722160153075803,0.9666666666666667,10.043671629351497,0.85,0.7741250000000001,0.8,0,600,4,False,,,0,,7.80841851234436
phase3c_final_highrep_v1,350ccb9c668fdd57,higher_noise_moderate_effects,30,1,335501,0,1.03,95.0,True,False,0.24117966287824397,0.7129740836467242,0.8570175581597594,1.0,0.9,3.8799187840750613,0.6383804384590697,0.9978466036499816,1.2162298168307921,0.75,0.75,2.7418672191146234,0.9732732261855284,0.9285714285714286,0.8571428571428571,3.5547611940863644,2.0291928772330534,1.6144887723012917,0.9333333333333333,7.799656459202503,1.0,0.9129375000000002,1.0,0,900,10,False,,,0,,7.311370611190796
phase3c_final_highrep_v1,350ccb9c668fdd57,higher_noise_moderate_effects,30,2,335502,0,1.02,75.0,True,False,-0.0423907954812522,0.7102866670704197,0.8296067486563374,1.0,0.9,4.081458340588631,0.5413446427547066,0.5413446427547066,0.5937947776607079,1.0,1.0,2.8087280216501798,0.7696401072704564,1.0,0.9285714285714286,3.717821106606217,1.543610946130119,1.2788229322299844,0.9666666666666667,8.345782871180452,0.95,0.8519375,0.95,0,900,14,False,,,0,,6.937160015106201
phase3c_final_highrep_v1,350ccb9c668fdd57,higher_noise_moderate_effects,30,3,335503,0,1.03,55.0,True,False,0.06284307601268495,0.4259800169090435,0.5079095182332192,1.0,1.0,3.8648505732045373,0.32431253388174713,0.5547749367111705,0.7450952964401375,1.0,0.75,2.6819514773721105,0.5855637570646813,1.0,0.9285714285714286,3.5268794029667005,1.4809254855197487,1.251604029563211,1.0,9.119983788846472,0.9,0.8314999999999999,0.9,0,900,4,False,,,0,,7.398083925247192
phase3c_final_highrep_v1,350ccb9c668fdd57,higher_noise_moderate_effects,30,4,335504,0,1.03,107.0,True,False,0.11392235888506475,0.7529149130372634,0.9229845019722643,0.9,1.0,3.9063067603288864,0.7341149828600968,0.78500420856334,1.1226637494368201,0.75,0.75,2.820313972261064,0.9841783914227296,0.8571428571428571,0.9285714285714286,3.596023106595223,2.538109155058794,2.2488277614219765,0.9333333333333333,8.417194988643338,0.85,0.8487500000000001,0.85,0,900,18,False,,,0,,6.79809832572937
phase3c_final_highrep_v1,350ccb9c668fdd57,higher_noise_moderate_effects,30,5,335505,0,1.02,70.0,True,False,0.21459792387767163,1.0216288206886854,1.3273372596582456,0.8,0.7,3.9295243828137942,0.25482779870615935,0.7714462663345563,0.8500550007587026,1.0,1.0,2.792255540881224,1.2103310062608645,0.8571428571428571,0.7857142857142857,3.6045904279759173,3.2707526470031287,2.960285600426284,0.8666666666666667,9.966821097129325,0.85,0.8645625000000001,0.85,0,900,9,False,,,0,,8.58060359954834
phase3c_final_highrep_v1,350ccb9c668fdd57,higher_noise_moderate_effects,30,6,335506,0,1.02,49.0,False,False,0.3701627359721569,0.684925839738855,0.8196044411156663,1.0,1.0,3.9494754015202305,0.7145070774022662,1.072120238253378,1.197328993373665,1.0,0.75,2.830050625335596,0.9430914692972716,1.0,0.9285714285714286,3.629639751181763,2.1812688965915736,1.890956313711283,1.0,9.295997582596778,0.95,0.8825624999999999,0.95,0,900,12,False,,,0,,6.301768064498901
phase3c_final_highrep_v1,350ccb9c668fdd57,higher_noise_moderate_effects,30,7,335507,0,1.04,67.0,True,False,-0.02957308696017369,0.7641693173418428,0.849276585958225,1.0,0.9,3.838017208099268,0.7603157298881158,0.7603157298881158,0.8549151715751954,1.0,1.0,2.6535458618584995,0.8508914231946219,1.0,0.9285714285714286,3.4995968234590484,2.2327444422574985,1.8777812974027337,0.9833333333333333,9.19878220606641,0.75,0.7815624999999999,0.75,0,900,8,False,,,0,,6.785853147506714
phase3c_final_highrep_v1,350ccb9c668fdd57,higher_noise_moderate_effects,30,8,335508,0,1.03,51.0,True,False,0.24478626386326013,0.8034462610958336,1.0433383074489726,0.8,0.8,3.766384117944063,0.6085154097012615,0.9279412414371011,1.1542407271288837,0.75,1.0,2.7755399614946987,1.0761915277813479,0.7857142857142857,0.8571428571428571,3.483285787529959,3.173398705715758,2.7906243321955135,0.9333333333333333,9.783498221735867,1.0,0.9190624999999999,1.0,0,900,18,False,,,0,,6.955895662307739
phase3c_final_highrep_v1,350ccb9c668fdd57,higher_noise_moderate_effects,30,9,335509,0,1.03,80.0,True,False,-0.37895445649630016,0.7551695809043331,1.0565862861215114,0.9,1.0,3.999462200037395,0.4386045823000449,0.719153329822086,0.8587232266762593,1.0,0.75,2.9029102321518336,1.0040406978210463,0.9285714285714286,0.9285714285714286,3.686161637784378,1.7948789270918846,1.3686708504489054,0.9833333333333333,8.8145753858314,0.85,0.8569999999999999,0.8,0,900,4,False,,,0,,6.161978483200073
phase3c_final_highrep_v1,350ccb9c668fdd57,higher_noise_moderate_effects,30,10,335510,0,1.06,59.0,False,False,0.14384058804585256,0.6332103471628223,0.902046594881803,1.0,0.8,3.6217142325570357,0.3240938251070661,0.7916674201424222,1.0122096513368732,0.75,0.75,2.601224561041942,0.9348473560051173,0.9285714285714286,0.7857142857142857,3.330145754981295,3.7220771483045536,3.5102087426641932,0.6333333333333333,8.246677593372125,0.75,0.7805,0.75,0,900,10,False,,,0,,5.961527347564697
phase3c_final_highrep_v1,350ccb9c668fdd57,higher_noise_moderate_effects,30,11,335511,0,1.02,58.0,True,False,-0.3608511696870499,0.7032293065032678,0.8036080461632052,1.0,0.9,3.817269136920072,0.1857969444123859,0.4710703722005114,0.5146143966251928,1.0,1.0,2.759720254043475,0.7327624262941126,1.0,0.9285714285714286,3.5151123132410445,3.9733138739259672,3.4669969686164195,0.7333333333333333,8.992875307343757,0.75,0.7711249999999998,0.75,0,900,5,False,,,0,,5.933950185775757
phase3c_final_highrep_v1,350ccb9c668fdd57,higher_noise_moderate_effects,30,12,335512,0,1.02,72.0,True,False,-0.14950185153680265,0.747149260251242,0.9072069168457255,0.9,0.9,3.9841389322656866,0.412802054390531,1.3572515773565574,1.6845998394243087,0.5,0.75,2.8493514898832526,1.182664980206051,0.7857142857142857,0.8571428571428571,3.6599139487278483,2.399606321100197,2.0966509907584903,0.9666666666666667,8.609788454028317,0.9,0.8041874999999999,0.9,0,900,7,False,,,0,,6.269280910491943
phase3c_final_highrep_v1,350ccb9c668fdd57,higher_noise_moderate_effects,30,13,335513,0,1.07,50.0,False,False,-0.22204039829873476,1.0258596334542278,1.1701992139985469,0.9,0.9,3.878457752272426,0.7134711449471391,1.0907130739616293,1.4065254290394482,0.75,0.75,2.8050071952799147,1.2423168774099518,0.8571428571428571,0.8571428571428571,3.5717575931317085,4.300595978050419,3.944848799374579,0.6666666666666666,8.981012793875504,0.85,0.7948125,0.85,0,900,6,False,,,0,,7.1071741580963135
phase3c_final_highrep_v1,350ccb9c668fdd57,higher_noise_moderate_effects,30,14,335514,0,1.03,77.0,True,False,-0.08666469343510837,0.7272444610257576,0.867663946725551,1.0,0.9,3.9450671716429904,0.2136984199077015,0.2358142121426547,0.38060333620751235,1.0,1.0,2.7766990449680833,0.7610069852599793,1.0,0.9285714285714286,3.6112477068787316,1.6158217132336345,1.3113032344689561,1.0,9.038309125873326,0.85,0.819125,0.85,0,900,11,False,,,0,,6.731082439422607
phase3c_final_highrep_v1,350ccb9c668fdd57,higher_noise_moderate_effects,30,15,335515,0,1.03,82.0,True,False,0.2670684586096427,0.678730590955477,0.7517272488540998,1.0,0.9,3.888301819804711,0.7185369330569731,0.7185369330569731,0.8590058378100506,1.0,0.75,2.7157179303478682,0.7838778459986391,1.0,0.8571428571428571,3.553277851388471,1.6919142667523293,1.420904836733715,1.0,8.797283375655947,0.95,0.8586874999999999,0.95,0,900,19,False,,,0,,9.793521404266357
phase3c_final_highrep_v1,350ccb9c668fdd57,higher_noise_moderate_effects,30,16,335516,0,1.03,80.0,True,False,0.001663703815339146,0.8315467209020568,1.0076456984393536,0.9,1.0,3.857276199678432,0.4215420402518538,1.0646519138699317,1.46033157793062,0.75,0.75,2.7147341292033444,1.1552294702735366,0.8571428571428571,0.9285714285714286,3.530835608114121,1.4852696329724824,1.0849028890980335,1.0,8.223429899875574,0.9,0.7995625,0.85,0,900,15,False,,,0,,6.768390893936157
phase3c_final_highrep_v1,350ccb9c668fdd57,higher_noise_moderate_effects,30,17,335517,0,1.05,35.0,False,False,-0.45765491936913627,0.6915270272082202,0.8116348053274676,1.0,1.0,3.9919657856261557,0.16344668028932957,0.7252819027965749,0.9221707788098228,1.0,0.75,2.8840482624570223,0.8446937886998048,1.0,0.9285714285714286,3.6754179218635463,2.2452986813449427,2.0326857557954328,1.0,10.898283132845851,0.85,0.8015000000000001,0.85,0,900,21,False,,,0,,6.941884517669678
phase3c_final_highrep_v1,350ccb9c668fdd57,higher_noise_moderate_effects,30,18,335518,0,1.07,27.0,False,False,0.34309483378376326,0.9446992508321742,1.2335903320774473,0.8,0.9,3.881781381373899,0.6566375534167601,1.0246285215722437,1.2442303765522509,0.5,0.75,2.6656070148987765,1.236639686341605,0.7142857142857143,0.8571428571428571,3.5343029909524355,1.4924457221131073,1.1183836091603248,1.0,10.659729618724702,0.9,0.87375,0.9,0,900,17,False,,,0,,6.023010730743408
phase3c_final_highrep_v1,350ccb9c668fdd57,higher_noise_moderate_effects,30,19,335519,0,1.05,60.0,True,False,0.0438230590298788,0.8065091051771262,1.1844086726128835,0.8,0.9,3.896693064780906,0.14723371995252527,0.7598583294264947,1.0000057262873165,1.0,0.75,2.8840910555507993,1.1347839582945112,0.8571428571428571,0.8571428571428571,3.6073782050008747,2.2698333148343277,1.8027819444284077,0.95,8.697495982748459,0.85,0.8327500000000001,0.85,0,900,12,False,,,0,,7.066075563430786
phase3c_final_highrep_v1,350ccb9c668fdd57,higher_noise_moderate_effects,30,20,335520,0,1.03,59.0,True,False,-0.4966991684315598,0.5378012588847466,0.828329610145154,0.9,1.0,3.787569963834513,0.5795808160202023,0.5936763397603722,1.017233655523977,0.75,0.75,2.6782639445436613,0.8864196309615008,0.8571428571428571,0.9285714285714286,3.4706253868942696,2.464527702309202,2.0301498760426653,0.95,8.10653082132375,0.9,0.83625,0.9,0,900,4,False,,,0,,6.843127250671387
phase3c_final_highrep_v1,350ccb9c668fdd57,higher_noise_moderate_effects,40,1,345501,0,1.01,54.0,True,False,-0.4143252370035107,0.5945516431768085,0.8835326067123277,0.9,1.0,3.4241995956543434,0.291077975429151,0.5700749032303454,0.8864101027309153,0.75,0.75,2.423108598762237,0.8843557038130129,0.8571428571428571,0.9285714285714286,3.138173596542313,3.229415373608967,2.9105447299057854,0.75,7.212893820909644,0.9,0.8355,0.9,0,1200,4,False,,,0,,7.093425750732422
phase3c_final_highrep_v1,350ccb9c668fdd57,higher_noise_moderate_effects,40,2,345502,0,1.03,62.0,True,False,0.00099796486728001,0.887365835802912,1.136266344349869,0.8,0.8,3.442298869021183,0.26527232711904974,0.35820392610422586,0.45771675468524864,1.0,1.0,2.4419664524634,0.9909962722684874,0.8571428571428571,0.8571428571428571,3.1564896071475306,1.3522020805605066,0.9698439725580087,1.0,8.4173245577599,0.9,0.7968124999999999,0.9,0,1200,16,False,,,0,,7.464507341384888
phase3c_final_highrep_v1,350ccb9c668fdd57,higher_noise_moderate_effects,40,3,345503,0,1.04,57.0,True,False,0.09111986139398127,1.0186330227390834,1.1560563867934137,0.8,1.0,3.367474860328522,0.4867054150296838,1.5341405417491205,2.1517718977738345,0.5,0.75,2.495613629593624,1.5091424455785494,0.7142857142857143,0.9285714285714286,3.1183716515471223,2.607347317031604,2.2629346111199045,0.8833333333333333,7.401757254323484,0.8,0.801375,0.8,0,1200,14,False,,,0,,7.046515941619873
phase3c_final_highrep_v1,350ccb9c668fdd57,higher_noise_moderate_effects,40,4,345504,0,1.05,41.0,False,False,0.16014553002579518,0.35480745862465946,0.4004279130995242,1.0,1.0,3.5576865989687305,0.49140903578284006,0.7632150920341798,1.1459457949059377,0.75,0.75,2.498248392466299,0.6998056972853662,0.9285714285714286,0.9285714285714286,3.2549899685394648,1.235362014889728,1.0005124541964938,1.0,7.900450625287898,0.9,0.8549374999999999,0.9,0,1200,20,False,,,0,,9.433334589004517
phase3c_final_highrep_v1,350ccb9c668fdd57,higher_noise_moderate_effects,40,5,345505,0,1.04,56.0,True,False,0.11621753048183874,0.5586699012184075,0.7361353655626579,0.9,1.0,3.2715266613520355,0.42242155668450626,0.5730455511195478,0.8768043283418068,0.75,0.75,2.3435662424237655,0.7789230699734633,0.8571428571428571,0.9285714285714286,3.0063951130868154,3.596018957498809,3.278535211263377,0.6666666666666666,7.20863146712493,0.95,0.9011875,0.95,0,1200,23,False,,,0,,7.687664031982422
phase3c_final_highrep_v1,350ccb9c668fdd57,higher_noise_moderate_effects,40,6,345506,0,1.02,53.0,True,False,0.07938704082070085,0.5938952361335328,0.6856741639320967,1.0,0.9,3.5058030619822445,0.19923955464723475,0.5087160524024072,0.5847569975359586,1.0,1.0,2.5595152324221773,0.6584209235256335,1.0,0.9285714285714286,3.2354351106793686,1.652010844130387,1.3410998727994248,1.0,8.19205267678439,0.75,0.768875,0.75,0,1200,13,False,,,0,,6.845287561416626
phase3c_final_highrep_v1,350ccb9c668fdd57,higher_noise_moderate_effects,40,7,345507,0,1.06,54.0,False,False,-0.2860093485758653,0.8868335716508374,0.9881979350989776,1.0,0.9,3.342025770978787,0.1969129834100369,0.6435346884883575,0.6999911252327092,0.75,1.0,2.3384367511182766,0.9151620422852934,0.9285714285714286,0.9285714285714286,3.055286051018641,2.036447221530414,1.6618582518891634,0.9833333333333333,8.160643418711874,0.85,0.7951250000000001,0.8,0,1200,30,False,,,0,,7.046250820159912
phase3c_final_highrep_v1,350ccb9c668fdd57,higher_noise_moderate_effects,40,8,345508,0,1.03,67.0,True,False,-0.05267130376072706,0.5161963740675782,0.6138824362233538,1.0,0.9,3.2420670797925104,0.31998007330707445,0.41194099370634296,0.5492677772742628,1.0,1.0,2.2328089982314006,0.5961361792914217,1.0,0.9285714285714286,2.9537076279179075,1.4663171998794564,1.2213172351729362,0.9833333333333333,6.420459135553034,0.9,0.8576874999999999,0.9,0,1200,19,False,,,0,,6.65456748008728
phase3c_final_highrep_v1,350ccb9c668fdd57,higher_noise_moderate_effects,40,9,345509,0,1.04,51.0,True,False,-0.09328027003199905,0.5197235757196805,0.576118648389824,1.0,1.0,3.2839845958568077,-0.11355915514139542,0.887918219427468,0.9735458902590622,1.0,0.75,2.3651233755865246,0.7126556658015354,1.0,0.9285714285714286,3.021452818636726,2.2372231199246433,1.8720782156350504,0.9333333333333333,8.355777947926407,0.8,0.781375,0.8,0,1200,12,False,,,0,,6.2020347118377686
phase3c_final_highrep_v1,350ccb9c668fdd57,higher_noise_moderate_effects,40,10,345510,0,1.15,13.0,False,False,-0.33480135404242245,0.6725591995037765,0.8348959389335926,1.0,1.0,3.352678951059063,0.19029565088658756,0.6026451713977472,0.8060192427136231,1.0,0.75,2.315354751883824,0.8267483797114288,1.0,0.9285714285714286,3.056300608437566,2.7847575159670046,2.504227514437529,0.95,9.1814868336594,0.9,0.88575,0.9,0,1200,18,False,,,0,,6.284804105758667
phase3c_final_highrep_v1,350ccb9c668fdd57,higher_noise_moderate_effects,40,11,345511,0,1.07,40.0,False,False,0.21373953167725146,0.8047507133104702,0.9187562243040296,1.0,0.9,3.338036501951568,0.614080515142542,0.8121346678785882,1.2477096497811737,0.75,0.75,2.409137191177361,1.0235877894376582,0.9285714285714286,0.8571428571428571,3.072636698873223,1.4262389123231167,1.012125337610373,1.0,7.766102137603704,0.85,0.832625,0.85,0,1200,20,False,,,0,,5.801738977432251
phase3c_final_highrep_v1,350ccb9c668fdd57,higher_noise_moderate_effects,40,12,345512,0,1.04,60.0,True,False,0.1827505333089475,0.8266808192013089,1.0380256335394713,0.9,1.0,3.4104695599176837,0.4457891232300294,1.0340204609937125,1.4772454388672962,0.75,0.75,2.31475520478431,1.180314380199104,0.8571428571428571,0.9285714285714286,3.0974083155938628,2.6465172412004407,2.38212865130643,0.8666666666666667,7.539705613823178,0.95,0.8971874999999999,0.95,0,1200,8,False,,,0,,5.750114917755127
phase3c_final_highrep_v1,350ccb9c668fdd57,higher_noise_moderate_effects,40,13,345513,0,1.04,45.0,False,False,0.19745240595906682,0.6164692859963188,0.772969750405507,0.9,1.0,3.316849050318951,0.6462849120386127,0.7204125162811328,1.011482867266777,0.75,0.75,2.3515201351233674,0.8479897537081615,0.8571428571428571,0.9285714285714286,3.041040788834498,1.2312118764937898,0.9583308953788732,1.0,7.305972988491319,0.95,0.8867499999999999,0.95,0,1200,5,False,,,0,,6.008532285690308
phase3c_final_highrep_v1,350ccb9c668fdd57,higher_noise_moderate_effects,40,14,345514,0,1.05,42.0,False,False,0.35633651748558365,0.65286950806099,0.7552227099647498,1.0,1.0,3.4660316516866336,0.43108185654969305,1.0580164176438345,1.2307011144708766,0.5,0.75,2.4437686816342583,0.9165975261454895,0.8571428571428571,0.9285714285714286,3.1739565173859545,3.6861739066572543,3.423292087965588,0.55,7.843195015835547,0.9,0.900375,0.9,0,1200,7,False,,,0,,6.140435695648193
phase3c_final_highrep_v1,350ccb9c668fdd57,higher_noise_moderate_effects,40,15,345515,0,1.04,66.0,True,False,-0.14780042171823266,0.6551265375680497,0.8380115582491896,0.9,0.9,3.367481676410396,0.523317216976444,0.8059167214812142,1.2176917728029746,0.75,0.75,2.3675570857978734,0.9619075813863881,0.8571428571428571,0.8571428571428571,3.0817889362353896,1.4034155247157145,1.1293434371957924,1.0,7.605435521604816,1.0,0.9051874999999999,1.0,0,1200,18,False,,,0,,9.844536542892456
phase3c_final_highrep_v1,350ccb9c668fdd57,higher_noise_moderate_effects,40,16,345516,0,1.01,89.0,True,False,0.302318419219509,0.716107644937658,0.8413521695858799,1.0,1.0,3.3545469106332626,0.9838681628759602,0.9838681628759602,1.2091660120287273,0.75,0.75,2.3851157663761215,0.9609171404463586,0.9285714285714286,0.9285714285714286,3.0775665837026507,2.036932433397747,1.6949745284912416,0.9333333333333333,7.08845148555035,0.85,0.8491875,0.85,0,1200,5,False,,,0,,7.013723373413086
phase3c_final_highrep_v1,350ccb9c668fdd57,higher_noise_moderate_effects,40,17,345517,0,1.05,70.0,True,False,-0.2172483621445152,0.494908459556608,0.6446184174478302,1.0,1.0,3.4215642681429834,0.4107289977809872,0.5799423085707336,0.9730223114285577,0.75,0.75,2.43906529656527,0.7532035730929845,0.9285714285714286,0.9285714285714286,3.140850276263637,2.0810056333277207,1.900538406379813,0.9666666666666667,7.1814337708136105,0.8,0.8375625,0.8,0,1200,16,False,,,0,,7.546998023986816
phase3c_final_highrep_v1,350ccb9c668fdd57,higher_noise_moderate_effects,40,18,345518,0,1.03,43.0,False,False,-0.10467965966313772,0.698354785757258,0.8669660696464843,1.0,0.9,3.2891446461450355,0.23420094531965552,0.47246152909614947,0.5521633270537453,1.0,1.0,2.394098670448623,0.7899294280483439,1.0,0.9285714285714286,3.0334172245174886,2.866220377442234,2.6867632406582356,0.85,7.551655308201646,0.9,0.86825,0.9,0,1200,19,False,,,0,,7.294761896133423
phase3c_final_highrep_v1,350ccb9c668fdd57,higher_noise_moderate_effects,40,19,345519,0,1.05,51.0,True,False,0.6283406854735649,0.7626692962145489,0.8726981659916545,1.0,0.9,3.3210724621151497,1.2863537010362558,1.2863537010362558,1.717407022036241,0.5,0.75,2.2889872944824106,1.177587376394439,0.8571428571428571,0.8571428571428571,3.026190985648653,1.8139429278738652,1.3601147816821109,0.9833333333333333,7.522568696123601,0.9,0.883375,0.9,0,1200,13,False,,,0,,7.424484968185425
phase3c_final_highrep_v1,350ccb9c668fdd57,higher_noise_moderate_effects,40,20,345520,0,1.02,66.0,True,False,0.27826332795487874,0.8451074065458466,0.928806053257597,1.0,0.7,3.4581882775311,0.41428676416173493,0.6308461590720925,0.7580895438305105,0.75,1.0,2.4849082068442114,0.8834027503894952,0.9285714285714286,0.7857142857142857,3.1801082573348465,2.2319618948143702,1.906561025282745,0.9166666666666666,7.55967072401335,0.85,0.8423124999999999,0.85,0,1200,11,False,,,0,,7.42138671875
phase3c_final_highrep_v1,350ccb9c668fdd57,higher_noise_moderate_effects,50,1,355501,0,1.03,49.0,False,False,0.012627313756919122,0.5643361430721325,0.7331130995976239,1.0,1.0,2.9589711660705538,0.6751813120253521,0.6751813120253521,0.9146864998652361,0.75,0.75,2.130535191247956,0.7892651980598892,0.9285714285714286,0.9285714285714286,2.722275173264097,1.0350020877198698,0.842812951049107,1.0,6.419071529000294,0.75,0.8289375,0.75,0,1500,12,False,,,0,,7.264840126037598
phase3c_final_highrep_v1,350ccb9c668fdd57,higher_noise_moderate_effects,50,2,355502,0,1.04,48.0,False,False,-0.09326839692960567,0.27332990972966237,0.3240956189537908,1.0,1.0,3.0488345228065663,0.3558827367961702,0.43766437331894337,0.7579540673897849,1.0,0.75,2.245097450214961,0.48904843284406346,1.0,0.9285714285714286,2.8191953592089654,1.5633184580981214,1.441567164577377,1.0,7.14377799367135,0.85,0.87375,0.85,0,1500,17,False,,,0,,7.634331941604614
phase3c_final_highrep_v1,350ccb9c668fdd57,higher_noise_moderate_effects,50,3,355503,0,1.09,32.0,False,False,0.22941429801499194,0.5248005561028569,0.6392801643433835,1.0,1.0,3.0551251676802815,0.6232375088768214,0.691762378025514,0.9870703659972351,0.75,0.75,2.117265513176598,0.7551737224425678,0.9285714285714286,0.9285714285714286,2.7871652663935143,1.3342962663508662,1.1366916545791552,1.0,6.777937062685027,0.8,0.8338749999999999,0.8,0,1500,12,False,,,0,,6.703681230545044
phase3c_final_highrep_v1,350ccb9c668fdd57,higher_noise_moderate_effects,50,4,355504,0,1.02,59.0,True,False,0.39759139474144656,0.6146006498969102,0.8456499417225808,0.9,0.9,3.076001266447544,1.1687755787617247,1.1687755787617247,1.445574819550687,0.5,0.75,2.335989840325233,1.0525474022250578,0.7857142857142857,0.8571428571428571,2.864569430412598,1.3343563344367768,0.976543204610946,0.9666666666666667,7.275816832062831,0.95,0.92175,0.95,0,1500,31,False,,,0,,6.41553807258606
phase3c_final_highrep_v1,350ccb9c668fdd57,higher_noise_moderate_effects,50,5,355505,0,1.06,42.0,False,False,0.11410643317919836,0.6045815515363666,0.7374482424948039,1.0,0.9,3.0303812439387765,0.35564844501233367,0.4028759693162803,0.6934299775756568,1.0,0.75,2.1710650286768924,0.7251443028208275,1.0,0.8571428571428571,2.7848623252925235,1.166659739294445,1.0229970491512,1.0,7.140687695029372,0.85,0.8352499999999999,0.85,0,1500,17,False,,,0,,9.789254426956177
phase3c_final_highrep_v1,350ccb9c668fdd57,higher_noise_moderate_effects,50,6,355506,0,1.06,39.0,False,False,0.05915419035221063,0.6190325244905275,0.7577800291824753,1.0,0.8,3.042116966924837,0.571420541354154,0.6079128787033243,0.7209458081898708,1.0,1.0,2.141309099405943,0.7474412141081309,1.0,0.8571428571428571,2.784743290490868,1.0986087462198404,0.7678616705920558,0.9833333333333333,7.53571075071264,1.0,0.9410000000000001,1.0,0,1500,33,False,,,0,,7.307363748550415
phase3c_final_highrep_v1,350ccb9c668fdd57,higher_noise_moderate_effects,50,7,355507,0,1.1,14.0,False,False,-0.5576469273972842,0.6147324490389076,0.708600025501155,0.9,0.9,2.9396577904643664,-0.00182111181894401,0.4401814607480515,0.4437442020301542,1.0,1.0,2.1237141052147632,0.6441370544459291,0.9285714285714286,0.9285714285714286,2.7065310232501942,1.6920957669735974,1.4272670449002411,0.9166666666666666,6.172681847651691,0.75,0.7856875,0.75,0,1500,23,False,,,0,,7.646293640136719
phase3c_final_highrep_v1,350ccb9c668fdd57,higher_noise_moderate_effects,50,8,355508,0,1.04,51.0,True,False,0.12142601195794131,0.7345213097212875,0.8318011871427664,1.0,0.9,3.1907232445097073,0.30990533596587,0.5372035854685623,0.8629304275923452,0.75,0.75,2.3878342040565763,0.8408128652330598,0.9285714285714286,0.8571428571428571,2.9613263758088126,1.2204734537524904,0.8972541810662569,1.0,7.411489358414014,0.9,0.8758125000000001,0.9,0,1500,38,False,,,0,,6.950159788131714
phase3c_final_highrep_v1,350ccb9c668fdd57,higher_noise_moderate_effects,50,9,355509,0,1.04,52.0,True,False,-0.011663733390400565,0.6791494129666021,0.7501720259031815,1.0,1.0,2.9340558836469506,0.6393068362015593,1.1927224623289705,1.5611580800726115,0.5,0.75,2.1600526719604876,1.0480062325462451,0.8571428571428571,0.9285714285714286,2.7129121088793897,1.752434563477974,1.397383588898914,0.9333333333333333,7.147053086665161,0.8,0.8326874999999999,0.8,0,1500,13,False,,,0,,6.316648483276367
phase3c_final_highrep_v1,350ccb9c668fdd57,higher_noise_moderate_effects,50,10,355510,0,1.02,92.0,True,False,-0.22501196771354107,0.6251511486736769,0.7486497565187397,1.0,1.0,3.1609625548804776,0.21241894923672444,0.7846981533772429,1.060025164361769,0.75,0.75,2.3521812584326653,0.8493433587894518,0.9285714285714286,0.9285714285714286,2.929882184466817,1.1414466706061992,0.9085941480950531,1.0,6.016293495007403,0.85,0.8469374999999999,0.85,0,1500,13,False,,,0,,6.324171304702759
phase3c_final_highrep_v1,350ccb9c668fdd57,higher_noise_moderate_effects,50,11,355511,0,1.03,86.0,True,False,-0.013902084108073542,0.5214066511495737,0.6606958861818397,1.0,1.0,3.0425619718011,0.5776231392163805,0.5776231392163805,0.7139487318623219,1.0,0.75,2.1738331989804003,0.676338973924389,1.0,0.9285714285714286,2.794353750995186,1.8821858378547849,1.5632691323274117,0.95,6.457946978445721,0.9,0.8425625,0.9,0,1500,11,False,,,0,,6.399355411529541
phase3c_final_highrep_v1,350ccb9c668fdd57,higher_noise_moderate_effects,50,12,355512,0,1.02,62.0,True,False,-0.16192165590343116,0.6213162690862822,0.7294237333384519,1.0,1.0,3.025399603866782,0.12308135855884333,0.6960875643580753,0.7614085235519822,1.0,0.75,2.1635534366825127,0.7387035741527415,1.0,0.9285714285714286,2.7791578418141336,1.5233846879755353,1.3337543320732823,0.9833333333333333,6.604001344948153,0.85,0.8063125,0.85,0,1500,19,False,,,0,,6.028895616531372
phase3c_final_highrep_v1,350ccb9c668fdd57,higher_noise_moderate_effects,50,13,355513,0,1.08,16.0,False,False,-0.019487559881409978,0.9738061571836099,1.1044111696355141,0.8,0.9,3.0836084654234606,0.6367215906270551,0.8005451940870874,1.3747683826836756,0.75,0.75,2.105727939746277,1.1879511997030732,0.7857142857142857,0.8571428571428571,2.804214029515694,1.2817796283018132,0.9867900993028501,1.0,7.9612886452341325,0.9,0.9108125000000001,0.9,0,1500,33,False,,,0,,6.6972479820251465
phase3c_final_highrep_v1,350ccb9c668fdd57,higher_noise_moderate_effects,50,14,355514,0,1.04,57.0,True,False,-0.07514635338147853,0.45840583187824613,0.49846145379115414,1.0,1.0,3.0060802797328283,0.2832077085351604,0.5124443335416934,0.7582834031170956,0.75,0.75,2.091556025791104,0.5846007848418125,0.9285714285714286,0.9285714285714286,2.744787635749478,2.150949252699545,2.044681154433549,1.0,6.856636194407136,0.95,0.906125,0.95,0,1500,25,False,,,0,,6.741819143295288
phase3c_final_highrep_v1,350ccb9c668fdd57,higher_noise_moderate_effects,50,15,355515,0,1.08,21.0,False,False,0.36656870409979303,0.7303253821912092,0.9556578746023783,0.9,0.9,2.9819538366593976,0.5608673859947038,0.754570410881064,0.9583974325996655,1.0,1.0,2.235625241602043,0.9564414061714792,0.9285714285714286,0.9285714285714286,2.768717095214439,1.9623521732930314,1.650447880451414,0.9833333333333333,8.41550837769748,0.9,0.8574375,0.9,0,1500,17,False,,,0,,11.154322862625122
phase3c_final_highrep_v1,350ccb9c668fdd57,higher_noise_moderate_effects,50,16,355516,0,1.03,55.0,True,False,-0.1739631253222253,0.8473761229850215,1.1207663463234085,0.8,1.0,2.9876876581744276,0.7784767128788971,0.7784767128788971,1.3036586882022505,0.75,0.75,2.1085245689981447,1.175927473826878,0.7857142857142857,0.9285714285714286,2.736498204124061,2.315850047998068,1.854379896873354,0.9,6.718078742733566,0.85,0.8551875000000001,0.85,0,1500,21,False,,,0,,7.174275159835815
phase3c_final_highrep_v1,350ccb9c668fdd57,higher_noise_moderate_effects,50,17,355517,0,1.11,15.0,False,False,-0.01939066475798803,0.6058403650686613,0.7009474601876285,1.0,0.9,3.030399034981708,0.1502000814967155,0.45708377316315874,0.6411665560691645,1.0,1.0,2.216286742640683,0.6844002395174313,1.0,0.9285714285714286,2.797795522884272,2.189147546941285,2.0265566795323875,0.95,6.766116419194836,1.0,0.8946250000000001,1.0,0,1500,19,False,,,0,,7.368422031402588
phase3c_final_highrep_v1,350ccb9c668fdd57,higher_noise_moderate_effects,50,18,355518,0,1.05,54.0,True,False,-0.0988795680221459,0.49456855634586266,0.605065476237388,1.0,0.9,2.986032416659929,0.16459164732769227,0.47761344534308237,0.5208038328604484,1.0,1.0,2.089332852997706,0.5822363802389338,1.0,0.9285714285714286,2.7298325413278652,0.9392430635205933,0.7135649482250479,1.0,6.701493143187204,0.85,0.8468125000000001,0.85,0,1500,22,False,,,0,,7.01263427734375
phase3c_final_highrep_v1,350ccb9c668fdd57,higher_noise_moderate_effects,50,19,355519,0,1.05,49.0,False,False,0.13565520808304737,0.8090672030263362,0.9713200490552326,0.8,1.0,3.143900780611292,0.8983558793466173,0.8983558793466173,1.195180587587722,0.5,0.75,2.291392951037348,1.040207840658804,0.7142857142857143,0.9285714285714286,2.900327115018736,2.4849825133110564,2.2295372270068725,0.9166666666666666,7.222407388890681,1.0,0.9203124999999999,1.0,0,1500,16,False,,,0,,7.253752708435059
phase3c_final_highrep_v1,350ccb9c668fdd57,higher_noise_moderate_effects,50,20,355520,0,1.04,37.0,False,False,0.013205822273513811,0.48776380374728295,0.5964741466772954,1.0,1.0,3.0542853061463724,0.45724706076715993,0.8548121164753368,1.2855667161162414,0.5,0.75,2.202063734166853,0.8522466612635295,0.8571428571428571,0.9285714285714286,2.8107934284379383,1.9536165245612114,1.6486839648294824,0.95,7.005748554296405,0.95,0.89,0.95,0,1500,18,False,,,0,,6.388911008834839
phase3c_final_highrep_v1,350ccb9c668fdd57,higher_noise_moderate_effects,60,1,365501,0,1.11,16.0,False,False,0.20739445142453122,0.7371170095567733,0.9322002075465745,0.9,0.9,2.8524892661238797,0.5664289376440339,0.5664289376440339,0.7311571953866924,1.0,0.75,2.101896475717516,0.8794615092268395,0.9285714285714286,0.8571428571428571,2.6380341831506326,1.3880368824675968,1.014702611486928,0.9833333333333333,6.75962132680902,0.75,0.7809375000000001,0.75,0,1800,35,False,,,0,,6.808601140975952
phase3c_final_highrep_v1,350ccb9c668fdd57,higher_noise_moderate_effects,60,2,365502,0,1.09,26.0,False,False,-0.020234445651832068,0.451805749901821,0.5511626120075793,0.9,1.0,2.7230911803898694,0.441826873359635,0.664811098796727,1.052521363641733,0.75,0.75,1.9704768617198252,0.7304111920418127,0.8571428571428571,0.9285714285714286,2.508058517912714,0.91758315495051,0.6999050540271295,1.0,6.343141966157205,0.95,0.8889374999999999,0.95,0,1800,31,False,,,0,,7.559197425842285
phase3c_final_highrep_v1,350ccb9c668fdd57,higher_noise_moderate_effects,60,3,365503,0,1.13,13.0,False,False,0.016618105125625292,0.5370907301577008,0.6808884850028747,1.0,0.9,2.8305176035797395,0.2956322137262559,0.6815911851075024,0.7827632325217225,0.75,1.0,2.1308569350646978,0.7114855887932418,0.9285714285714286,0.9285714285714286,2.6306145554325853,1.313221302124182,1.101780918095245,1.0,6.63584578503352,0.9,0.8586874999999999,0.9,0,1800,17,False,,,0,,7.927270174026489
phase3c_final_highrep_v1,350ccb9c668fdd57,higher_noise_moderate_effects,60,4,365504,0,1.05,38.0,False,False,-0.23329369124633798,0.7764026356771369,0.9430732115126333,0.8,0.9,2.7229386744128683,0.07877182565656202,0.41091152338959547,0.45773861659752463,0.75,1.0,1.881404109215902,0.8337509643269636,0.7857142857142857,0.9285714285714286,2.482500227213735,2.1824344525350527,1.8931847126767485,0.95,7.288019577252093,0.8,0.8261875,0.8,0,1800,21,False,,,0,,7.387965440750122
phase3c_final_highrep_v1,350ccb9c668fdd57,higher_noise_moderate_effects,60,5,365505,0,1.1,31.0,False,False,0.27931904691701914,0.7828844419269627,0.9612751515956007,0.8,0.9,2.781094158349125,0.33027060644353423,0.7859144299338925,1.1140285047889131,0.75,0.75,2.037767237221323,1.007285503883735,0.7857142857142857,0.8571428571428571,2.5687150380268955,1.4791214817953187,1.062638917808862,0.95,6.989348837930702,0.85,0.8429375,0.85,0,1800,40,False,,,0,,7.191702604293823
phase3c_final_highrep_v1,350ccb9c668fdd57,higher_noise_moderate_effects,60,6,365506,0,1.14,14.0,False,False,-0.013263862350669165,0.7989668365000708,1.0185414848745744,0.7,0.9,2.697203241935788,0.5346961174040404,0.7563610387308012,1.0249771295395353,0.75,1.0,1.9330855966177993,1.0203843823502934,0.7142857142857143,0.9285714285714286,2.478883914702077,1.3682830527011725,1.113851393139028,0.9833333333333333,7.402093349697738,0.85,0.8342500000000002,0.85,0,1800,27,False,,,0,,9.80994725227356
phase3c_final_highrep_v1,350ccb9c668fdd57,higher_noise_moderate_effects,60,7,365507,0,1.05,50.0,True,False,-0.04038345758027605,0.32621213544744715,0.39567193761287384,1.0,1.0,2.736532121221704,0.5412339731932326,0.5679068486796203,0.8710296788042979,0.75,0.75,2.1051580440647824,0.5732322907098789,0.9285714285714286,0.9285714285714286,2.556139527748298,1.0230296074312712,0.8433802260399552,1.0,6.339516870131384,0.85,0.8586874999999999,0.85,0,1800,39,False,,,0,,6.370288372039795
phase3c_final_highrep_v1,350ccb9c668fdd57,higher_noise_moderate_effects,60,8,365508,0,1.08,28.0,False,False,-0.34441931365040007,0.4934429912361352,0.652965744732692,0.9,1.0,2.6495822626277388,0.044159104174896435,0.8076306822819463,0.9518796129439973,0.75,0.75,1.916659383436742,0.7506160245376007,0.8571428571428571,0.9285714285714286,2.4401757257160255,1.253029665844106,1.0303283423429712,1.0,5.883621728913115,0.8,0.8258125,0.8,0,1800,26,False,,,0,,7.517854452133179
phase3c_final_highrep_v1,350ccb9c668fdd57,higher_noise_moderate_effects,60,9,365509,0,1.18,9.0,False,False,0.049317283270739434,0.5902455099846268,0.6928598887294631,1.0,1.0,2.83859801615486,0.31116426887224513,0.490354792412121,0.685709729326291,1.0,0.75,2.07219983676565,0.6908245376604571,1.0,0.9285714285714286,2.6196271077579425,1.4100035507144213,1.1226612977627906,1.0,6.864584911206998,0.75,0.7751875,0.75,0,1800,23,False,,,0,,6.761210918426514
phase3c_final_highrep_v1,350ccb9c668fdd57,higher_noise_moderate_effects,60,10,365510,0,1.07,36.0,False,False,0.014494486601319124,0.7864197742700612,0.8654782174436914,1.0,0.9,2.870335415960394,0.5638893465239005,0.6315496864945713,0.750349522255573,1.0,1.0,2.143965682279389,0.8342071972362983,1.0,0.9285714285714286,2.6628012063372495,1.0916983149086081,0.7954348659183678,1.0,6.5381189419627095,1.0,0.9393750000000001,1.0,0,1800,28,False,,,0,,6.919227123260498
phase3c_final_highrep_v1,350ccb9c668fdd57,higher_noise_moderate_effects,60,11,365511,0,1.08,26.0,False,False,0.11185411902693179,0.49945081724768475,0.5321356713570622,1.0,1.0,2.8327141393224577,0.2822085323035765,0.4051597123139928,0.640171535892079,1.0,0.75,2.1022308404994723,0.5651145338255401,1.0,0.9285714285714286,2.624004625373033,1.4623888204072706,1.206919608492091,1.0,6.083742549746967,0.9,0.8459375000000001,0.9,0,1800,33,False,,,0,,7.783568382263184
phase3c_final_highrep_v1,350ccb9c668fdd57,higher_noise_moderate_effects,60,12,365512,0,1.06,49.0,False,False,0.012680140847784238,0.7649735726447412,0.9433111673556981,0.8,0.9,2.7476769138804813,0.33139124730763064,0.5851354175848209,0.7557815808472341,0.75,0.75,2.0071000039507805,0.893755430607736,0.7857142857142857,0.8571428571428571,2.5360835110434237,1.305827802563891,0.9674051355462208,0.95,5.821729619550984,0.95,0.8894375,0.95,0,1800,12,False,,,0,,7.712690830230713
phase3c_final_highrep_v1,350ccb9c668fdd57,higher_noise_moderate_effects,60,13,365513,0,1.04,80.0,True,False,-0.12139553312696605,0.4259956213976996,0.6120136439200421,0.9,1.0,2.906431806564463,0.2487306749415894,0.7141482896949385,0.9495508165727683,1.0,0.75,2.12557162130084,0.7246769731827774,0.9285714285714286,0.9285714285714286,2.6833288964891424,3.8403674006650848,3.6746651015963407,0.3,6.255229726961526,0.95,0.8658125,0.95,0,1800,11,False,,,0,,7.926371335983276
phase3c_final_highrep_v1,350ccb9c668fdd57,higher_noise_moderate_effects,60,14,365514,0,1.06,41.0,False,False,-0.1327351588851015,0.7131839238785087,1.002791442713528,0.8,0.9,2.6312456324411735,0.28669666638293007,0.7502178749754178,0.8265086528373105,0.75,0.75,1.8289988865615838,0.955748509533406,0.7857142857142857,0.8571428571428571,2.402032276475577,1.7418038430357572,1.3792381494469383,0.9666666666666667,7.042205150007644,0.95,0.9140625,0.95,0,1800,28,False,,,0,,7.310392141342163
phase3c_final_highrep_v1,350ccb9c668fdd57,higher_noise_moderate_effects,60,15,365515,0,1.1,19.0,False,False,0.16507049485956013,0.42611808369030835,0.5185426653125338,1.0,0.9,2.7217520000861186,0.41808755613495413,0.652253274166954,0.7174395094610414,1.0,1.0,1.9918409270690778,0.5823439555817913,1.0,0.9285714285714286,2.5132059792241073,1.7446320244589812,1.5670166009321538,0.9833333333333333,6.4444861460946266,0.9,0.8870625000000001,0.9,0,1800,36,False,,,0,,9.490360498428345
phase3c_final_highrep_v1,350ccb9c668fdd57,higher_noise_moderate_effects,60,16,365516,0,1.07,25.0,False,False,0.23934617542876624,0.6317990896458885,0.8702594949303211,0.9,1.0,2.7271535471928483,1.021749718636479,1.021749718636479,1.3168251501256303,0.5,0.75,1.9531811575312716,1.0180383724587108,0.7857142857142857,0.9285714285714286,2.506018578718112,1.4470529251832325,1.0413783919305453,0.9833333333333333,5.7146165286417405,0.9,0.9131875,0.9,0,1800,23,False,,,0,,8.409891605377197
phase3c_final_highrep_v1,350ccb9c668fdd57,higher_noise_moderate_effects,60,17,365517,0,1.02,61.0,True,False,-0.031408427952371774,0.370429205095692,0.4606502700209455,1.0,1.0,2.8750567722306175,0.4214624352149702,0.7475637098787462,1.0000952547479018,0.75,0.75,2.0865263427878533,0.6613162625174553,0.9285714285714286,0.9285714285714286,2.649762363818399,1.6992855315905546,1.4627261689244262,0.9833333333333333,6.700549190866332,1.0,0.9239375000000001,1.0,0,1800,18,False,,,0,,7.018475770950317
phase3c_final_highrep_v1,350ccb9c668fdd57,higher_noise_moderate_effects,60,18,365518,0,1.07,35.0,False,False,0.04225505939347428,0.5462099077848059,0.6826431370207038,1.0,1.0,2.8622639111991957,0.19606578692034038,0.6093462602737814,0.846327331484361,0.75,0.75,2.085403953603328,0.7331486076839319,0.9285714285714286,0.9285714285714286,2.6403039233146623,1.5774895476256703,1.32590016049443,1.0,6.414622855454356,0.95,0.9109999999999999,0.95,0,1800,32,False,,,0,,9.563271760940552
phase3c_final_highrep_v1,350ccb9c668fdd57,higher_noise_moderate_effects,60,19,365519,0,1.05,44.0,False,False,-0.1621092833937673,0.5375051142713871,0.6503607408305148,1.0,1.0,2.7804654044237345,0.5544421912865072,0.6650304851188706,0.8682205473163592,0.75,0.75,1.9895602572597093,0.719370687638331,0.9285714285714286,0.9285714285714286,2.554492505234013,1.3587868236247125,1.099261093111243,0.9833333333333333,5.816023638525844,0.95,0.9234375,0.95,0,1800,22,False,,,0,,6.7927093505859375
phase3c_final_highrep_v1,350ccb9c668fdd57,higher_noise_moderate_effects,60,20,365520,0,1.02,57.0,True,False,0.4079845394164557,0.5352458602198011,0.6404339635944517,1.0,1.0,2.804476937629211,0.784774025667925,0.8383404254779712,1.1061721456595575,0.75,0.75,2.010529500116469,0.8016065957360378,0.9285714285714286,0.9285714285714286,2.5776348126255706,1.6073614440470487,1.2270931845440993,0.9666666666666667,6.024914967095873,0.9,0.881625,0.9,0,1800,30,False,,,0,,6.886983156204224
phase3c_final_highrep_v1,350ccb9c668fdd57,higher_noise_moderate_effects,80,1,385501,0,1.04,45.0,False,False,0.008900577871405867,0.7601814053092085,0.877102367081384,0.8,0.9,2.435243140891595,0.3520190490524101,0.6994366410224542,0.8828843760046695,0.75,1.0,1.813310046421962,0.8787582516975013,0.7857142857142857,0.9285714285714286,2.2575479710431283,1.4721379409714732,1.108400774736611,0.95,5.035376705625931,0.9,0.8924999999999998,0.9,0,2400,32,False,,,0,,8.035202503204346
phase3c_final_highrep_v1,350ccb9c668fdd57,higher_noise_moderate_effects,80,2,385502,0,1.03,61.0,True,False,0.03432915128510435,0.4527802104279724,0.5600306773324923,1.0,0.9,2.3984425565875243,0.16273755632430428,0.32385602900108335,0.4686781010988764,1.0,1.0,1.6525832541307632,0.5355224582014343,1.0,0.9285714285714286,2.1853398987427353,1.9895227943192078,1.8688029217026334,0.8833333333333333,5.264361340919371,0.9,0.8656875000000002,0.9,0,2400,24,False,,,0,,8.149495840072632
phase3c_final_highrep_v1,350ccb9c668fdd57,higher_noise_moderate_effects,80,3,385503,0,1.04,44.0,False,False,-0.044556143829383256,0.5488261921035922,0.7486738295095762,0.8,0.9,2.43581811842484,0.3860291570015761,0.5531953721631837,0.7201529655421607,0.75,0.75,1.7067608615427825,0.7406370908617417,0.7857142857142857,0.8571428571428571,2.2275160450299665,1.7046274276986983,1.4837973696082043,0.9,5.97061237020068,0.85,0.8536875,0.85,0,2400,33,False,,,0,,8.600146770477295
phase3c_final_highrep_v1,350ccb9c668fdd57,higher_noise_moderate_effects,80,4,385504,0,1.08,32.0,False,False,-0.01613778510007975,0.5732979533133185,0.6236855014523454,1.0,1.0,2.4751975094401586,0.4792704164881239,0.5084995734817228,0.8005892989787882,0.75,0.75,1.7598046818873596,0.6789492380444541,0.9285714285714286,0.9285714285714286,2.2707995587107876,1.5240855951552128,1.290105413412618,0.8833333333333333,5.0274662082361505,0.95,0.9179374999999999,0.95,0,2400,30,False,,,0,,7.344447135925293
phase3c_final_highrep_v1,350ccb9c668fdd57,higher_noise_moderate_effects,80,5,385505,0,1.02,82.0,True,False,-0.1644784332370138,0.6161884629184263,0.7259025044007094,0.9,1.0,2.435123818594569,0.34601219885490336,0.8691428974056552,1.2592085848014174,0.75,0.75,1.7283530747088882,0.9107206526036155,0.8571428571428571,0.9285714285714286,2.2331893203415176,1.6352695574853877,1.4046812448281565,0.9333333333333333,5.042192253632076,0.85,0.8643750000000001,0.85,0,2400,23,False,,,0,,7.062189340591431
phase3c_final_highrep_v1,350ccb9c668fdd57,higher_noise_moderate_effects,80,6,385506,0,1.03,61.0,True,False,-0.19265420168793393,0.5163008685890395,0.616939011045083,1.0,1.0,2.414805406398582,-0.13739631922939827,0.7484394112853281,0.8639119204439932,0.5,0.75,1.7106351962911082,0.69649698279696,0.8571428571428571,0.9285714285714286,2.213613917796447,2.806074187956203,2.5612344173312827,0.5,5.161193591263313,0.75,0.78175,0.75,0,2400,15,False,,,0,,7.103775262832642
phase3c_final_highrep_v1,350ccb9c668fdd57,higher_noise_moderate_effects,80,7,385507,0,1.04,47.0,False,False,-0.16713812858497912,0.4111600196157136,0.5561292069715384,0.9,0.9,2.432183492882017,0.21754042157153308,0.27693307909498954,0.3217449004011937,1.0,1.0,1.8143073512057981,0.5004909070249085,0.9285714285714286,0.9285714285714286,2.2556474524030974,1.4053299946103883,1.115510385558934,0.9833333333333333,5.982565017132678,0.85,0.8675,0.85,0,2400,24,False,,,0,,8.390478134155273
phase3c_final_highrep_v1,350ccb9c668fdd57,higher_noise_moderate_effects,80,8,385508,0,1.12,16.0,False,False,0.014052018648689902,0.5413762022157714,0.685710503094856,0.9,1.0,2.4413122514584242,0.4470438936911028,0.6197543582488465,0.9761818784794294,0.75,0.75,1.776130419458209,0.7798220117451948,0.8571428571428571,0.9285714285714286,2.251260299458363,1.7131741362082413,1.3973846704987176,0.8666666666666667,5.200103243833373,0.85,0.8591875,0.85,0,2400,8,False,,,0,,8.183956146240234
phase3c_final_highrep_v1,350ccb9c668fdd57,higher_noise_moderate_effects,80,9,385509,0,1.04,44.0,False,False,-0.14174498918214007,0.37637349316567353,0.5508676960352563,1.0,1.0,2.410447693756023,0.5554628877851937,0.6457109033814394,0.9949758486041654,0.75,0.75,1.6920333496456241,0.7068269106453469,0.9285714285714286,0.9285714285714286,2.2051864525816236,1.605238719657929,1.4607405883737858,0.95,5.701775891419837,0.95,0.8925625,0.95,0,2400,37,False,,,0,,11.377537727355957
phase3c_final_highrep_v1,350ccb9c668fdd57,higher_noise_moderate_effects,80,10,385510,0,1.03,50.0,True,False,-0.20491409708541664,0.6059199980882146,0.7702799566090108,0.9,0.9,2.47825284877622,0.25044129465738857,0.3005846416812232,0.5130227525210728,1.0,1.0,1.7795945481577409,0.7064034406744081,0.9285714285714286,0.9285714285714286,2.2786361914566546,1.3737370330979255,1.0213648596361227,0.9666666666666667,5.800702173116951,0.85,0.8134374999999998,0.8,0,2400,45,False,,,0,,7.787227630615234
phase3c_final_highrep_v1,350ccb9c668fdd57,higher_noise_moderate_effects,80,11,385511,0,1.16,9.0,False,False,-0.02089411389191136,0.6793629816672955,0.8499938336709878,0.9,1.0,2.3799333480696023,0.39779385103761833,0.7804123873519597,1.008822665733693,0.5,0.75,1.7148943753202543,0.8982438364616642,0.7857142857142857,0.9285714285714286,2.18992221299836,1.4282735734292975,1.1356056676640998,0.9833333333333333,6.054360830530997,0.8,0.8490624999999999,0.8,0,2400,24,False,,,0,,7.474461317062378
phase3c_final_highrep_v1,350ccb9c668fdd57,higher_noise_moderate_effects,80,12,385512,0,1.1,22.0,False,False,0.0456772093722707,0.505252648805756,0.6534021617975885,1.0,1.0,2.4752174560074076,0.4852245359794422,0.6024944897336968,0.9079017234670613,0.75,0.75,1.7523645050901386,0.735162081658356,0.9285714285714286,0.9285714285714286,2.2686880414596167,2.0602108737051403,1.8395266880519638,0.7833333333333333,5.989206176443473,0.9,0.9104374999999999,0.9,0,2400,29,False,,,0,,7.514260768890381
phase3c_final_highrep_v1,350ccb9c668fdd57,higher_noise_moderate_effects,80,13,385513,0,1.09,20.0,False,False,0.04865183775985784,0.44179072917288853,0.5670551930473569,1.0,0.9,2.3911125538882714,0.5158674271934302,0.545281403656385,0.8932591697020855,0.75,0.75,1.7406066455885332,0.6765016997469507,0.9285714285714286,0.8571428571428571,2.2052537229454896,2.2996997054080683,2.14170440006306,0.6333333333333333,5.07910976957371,0.85,0.85125,0.85,0,2400,32,False,,,0,,7.90758204460144
phase3c_final_highrep_v1,350ccb9c668fdd57,higher_noise_moderate_effects,80,14,385514,0,1.04,49.0,False,False,-0.09783095778974503,0.8211349354334218,0.8581776667393163,1.0,1.0,2.509955416946979,0.2975060899823934,0.9984326106140351,1.290250310675758,0.75,0.75,1.8024743132744123,1.0008450905430204,0.9285714285714286,0.9285714285714286,2.3078179587548173,1.2603173133518857,0.9843513917414006,0.9833333333333333,5.640283025654449,0.9,0.8691875,0.9,0,2400,32,False,,,0,,8.408981323242188
phase3c_final_highrep_v1,350ccb9c668fdd57,higher_noise_moderate_effects,80,15,385515,0,1.04,51.0,True,False,-0.1278050306365725,0.5037032660964155,0.6513267334165097,1.0,1.0,2.43022981932548,0.4292467640350144,0.49744299698453087,0.8331425440619628,0.75,0.75,1.681738302771178,0.7080542317574253,0.9285714285714286,0.9285714285714286,2.2163751003099654,2.153256883855449,1.9827475052047636,0.9,5.605552702412955,0.95,0.9028750000000001,0.95,0,2400,16,False,,,0,,7.152887344360352
phase3c_final_highrep_v1,350ccb9c668fdd57,higher_noise_moderate_effects,80,16,385516,0,1.04,35.0,False,False,-0.1260617755962798,0.7124939446796148,0.8561017101085766,0.7,1.0,2.338163382319333,0.43877127751023265,0.7337363441679137,0.9281868877287653,0.75,0.75,1.789883160792673,0.8773020727009248,0.7142857142857143,0.9285714285714286,2.181511890454573,1.4140600783693493,1.1265480736656377,0.9833333333333333,5.865259584036543,0.85,0.8691875,0.85,0,2400,27,False,,,0,,7.003523588180542
phase3c_final_highrep_v1,350ccb9c668fdd57,higher_noise_moderate_effects,80,17,385517,0,1.03,53.0,True,False,-0.09369885562563338,0.5609579087076689,0.6139977221880447,1.0,1.0,2.3407767131715125,0.41827692157982954,0.8560947732456002,1.3020764037974455,0.75,0.75,1.681699438182722,0.8681484350462453,0.9285714285714286,0.9285714285714286,2.152468920317572,1.832837589032559,1.7022854988183598,0.8833333333333333,5.006859155983292,0.85,0.8945624999999999,0.85,0,2400,44,False,,,0,,7.564647436141968
phase3c_final_highrep_v1,350ccb9c668fdd57,higher_noise_moderate_effects,80,18,385518,0,1.04,48.0,False,False,-0.2837887857550964,0.6510051490155832,0.7699362007502737,0.9,0.9,2.457676976067352,0.28717181722203394,0.43847390779327716,0.5362405719861817,1.0,1.0,1.823138301514999,0.7110471823019665,0.9285714285714286,0.9285714285714286,2.276380211909537,1.6458945086299976,1.499526477217635,0.9,5.108343371084712,0.9,0.873625,0.9,0,2400,46,False,,,0,,8.309445142745972
phase3c_final_highrep_v1,350ccb9c668fdd57,higher_noise_moderate_effects,80,19,385519,0,1.02,56.0,True,False,-0.24135072995923945,0.5431524607942888,0.6794188911967883,0.9,0.9,2.3954411188307794,0.39438719500565733,0.42950271360834236,0.7034174064489703,0.75,0.75,1.783349309988452,0.686361238079499,0.8571428571428571,0.8571428571428571,2.220557744875829,1.800819756422691,1.6021637232536385,0.9,5.59845416440906,0.95,0.9324375,0.95,0,2400,42,False,,,0,,9.242438793182373
phase3c_final_highrep_v1,350ccb9c668fdd57,higher_noise_moderate_effects,80,20,385520,0,1.09,22.0,False,False,-0.305884149145817,0.6772076224269362,0.8238900250893575,0.8,1.0,2.454517005232732,0.39892041568319325,0.7299498228124317,0.8880956659918922,0.5,0.75,1.7845491816277947,0.8427337904629089,0.7142857142857143,0.9285714285714286,2.2630976270598926,1.5940834073350998,1.2812755420570192,0.9666666666666667,5.51763684835466,0.8,0.838875,0.8,0,2400,27,False,,,0,,8.440105199813843
phase3c_final_highrep_v1,350ccb9c668fdd57,moderate_effects,20,1,125501,0,1.02,63.0,True,False,0.31821104003887885,0.9928171557209543,1.1384438306408116,0.9,0.9,3.298847808278455,0.5536086429131414,0.6461536435779119,0.8486915008842779,1.0,1.0,2.382322572458378,1.0637417990261038,0.9285714285714286,0.9285714285714286,3.0369834551870047,1.6941924904846881,1.3633488980952795,0.95,7.6428570669029465,0.9,0.8569999999999999,0.9,0,600,1,False,,,0,,14.65636157989502
phase3c_final_highrep_v1,350ccb9c668fdd57,moderate_effects,20,2,125502,0,1.02,111.0,True,False,0.32177964595940695,0.4946777520658217,0.6492733229565689,1.0,0.9,3.2155328700604704,0.791234647602065,0.8673523730105929,1.131660333021537,0.75,0.75,2.2705085251831623,0.8167085035314582,0.9285714285714286,0.8571428571428571,2.9455259143812396,2.004899083278425,1.7258433233181452,0.9833333333333333,7.4514507100502465,0.95,0.8890625000000002,0.95,0,600,0,False,,,0,,4.912259101867676
phase3c_final_highrep_v1,350ccb9c668fdd57,moderate_effects,20,3,125503,0,1.08,30.0,False,False,0.4154208733960985,0.7372272770378019,0.9221465801323813,0.9,1.0,3.500931885093985,0.9370303527116197,0.9370303527116197,0.9800816833043003,0.75,0.75,2.4965659055215013,0.9390642597931816,0.8571428571428571,0.9285714285714286,3.2139701766447044,1.7555520642293265,1.4625259256998497,1.0,8.369744135913088,0.9,0.8631249999999999,0.9,0,600,0,False,,,0,,4.762519836425781
phase3c_final_highrep_v1,350ccb9c668fdd57,moderate_effects,20,4,125504,0,1.06,67.0,False,False,-0.23102431613707797,0.3705570789093004,0.46382739577820636,1.0,1.0,3.47527789396966,0.007748587443412724,0.719693574489531,0.8672370488196035,1.0,0.75,2.446333037496273,0.607086656918885,1.0,0.9285714285714286,3.1812936492629773,1.0429457860684268,0.8250228440857241,1.0,8.9691019877513,0.9,0.872625,0.9,0,600,0,False,,,0,,4.472053527832031
phase3c_final_highrep_v1,350ccb9c668fdd57,moderate_effects,20,5,125505,0,1.03,97.0,True,False,0.19034990746890454,0.7064349885234051,0.8798692400351942,1.0,0.9,3.453285354770736,0.6385880229421574,0.7450028413585801,0.9978430798585894,1.0,0.75,2.556218027161526,0.9151292665788417,1.0,0.8571428571428571,3.1969804040252474,1.4264170596858459,1.0987598514997123,1.0,8.111256379885775,0.95,0.8973749999999999,0.95,0,600,0,False,,,0,,4.807047605514526
phase3c_final_highrep_v1,350ccb9c668fdd57,moderate_effects,20,6,125506,0,1.04,64.0,True,False,0.15118948823534245,0.7306924559411975,0.8284830221349123,1.0,0.9,3.5188772133421153,0.5857178784449574,0.5857178784449574,0.6272172093296307,1.0,1.0,2.5225345784293856,0.7763213109814304,1.0,0.9285714285714286,3.2342078890813357,1.3088436108521944,1.062694971326359,1.0,8.28032579684507,1.0,0.8605625,0.95,0,600,1,False,,,0,,4.925226926803589
phase3c_final_highrep_v1,350ccb9c668fdd57,moderate_effects,20,7,125507,0,1.04,101.0,True,False,0.7341844790475639,0.836532810126619,1.0336001173968707,0.9,0.9,3.276055822559323,1.0847989438261512,1.0847989438261512,1.720817382252707,0.75,0.75,2.369657240094809,1.2685239419746448,0.8571428571428571,0.8571428571428571,3.0170847989980336,4.142776894521001,3.6887599388207093,0.5833333333333334,7.368860049940376,0.9,0.8920625,0.9,0,600,1,False,,,0,,4.713453531265259
phase3c_final_highrep_v1,350ccb9c668fdd57,moderate_effects,20,8,125508,0,1.02,90.0,True,False,0.3540764499652963,0.7618131586766728,1.0041553376504844,0.9,0.9,3.3063285871799635,0.4231795227600307,0.4231795227600307,0.5611003673571731,1.0,1.0,2.3995523255431817,0.9001037206230735,0.9285714285714286,0.9285714285714286,3.04724965528374,2.3072385500725616,2.0822390141792115,0.9166666666666666,7.485596680532422,0.95,0.8630625000000001,0.95,0,600,0,False,,,0,,5.979406118392944
phase3c_final_highrep_v1,350ccb9c668fdd57,moderate_effects,20,9,125509,0,1.08,31.0,False,False,0.1648216379863169,0.6382185346028033,0.763011799680111,0.9,1.0,3.3345320705694967,0.5154075665898048,1.3174084521302054,1.6935448301236935,0.5,0.75,2.439851262738774,1.111441998713691,0.7857142857142857,0.9285714285714286,3.0789089826178615,1.307447348386797,1.0021091148063417,1.0,7.561763724130398,0.85,0.8007500000000001,0.8,0,600,0,False,,,0,,6.259281158447266
phase3c_final_highrep_v1,350ccb9c668fdd57,moderate_effects,20,10,125510,0,1.02,69.0,True,False,0.059216942551338816,0.6635448187434821,1.0702820584536143,0.9,0.9,3.3560859764659354,0.6166576192303456,0.6166576192303456,0.9230175562965117,0.75,0.75,2.4166564450883503,1.0303564737993558,0.8571428571428571,0.8571428571428571,3.0876775389294826,2.5358399607124484,2.2717176474827783,0.95,9.059190823536749,0.9,0.818375,0.9,0,600,1,False,,,0,,6.3061442375183105
phase3c_final_highrep_v1,350ccb9c668fdd57,moderate_effects,20,11,125511,0,1.02,67.0,True,False,-0.07983711326381311,0.6968033580941839,0.8510356963043955,1.0,0.9,3.2677858634517003,0.38750470978494705,0.7734541415390113,0.9790974843353946,0.75,0.75,2.4349917498274722,0.8895080943649484,0.9285714285714286,0.8571428571428571,3.0298446881304915,1.9966914056588096,1.6831303462062668,0.9833333333333333,8.247796722854922,1.0,0.9108749999999999,1.0,0,600,2,False,,,0,,5.499226093292236
phase3c_final_highrep_v1,350ccb9c668fdd57,moderate_effects,20,12,125512,0,1.05,51.0,True,False,0.4815678360793731,0.8505756661730018,1.002835881223956,0.9,0.7,3.245447824080723,0.6827482121819473,1.0326653520243614,1.18109412448338,0.75,0.75,2.3198272750388935,1.0568393366968905,0.8571428571428571,0.7142857142857143,2.980984810068772,2.726921810114903,2.3771460573217977,0.8666666666666667,8.257102063296463,0.95,0.9079999999999998,0.95,0,600,1,False,,,0,,5.907261610031128
phase3c_final_highrep_v1,350ccb9c668fdd57,moderate_effects,20,13,125513,0,1.04,51.0,True,False,0.17846016117787564,0.8711838467938936,1.0849608839119227,0.8,0.9,3.4513579273450348,0.5089424312414614,0.7355701248276667,0.8980371448979068,1.0,0.75,2.5653367810540417,1.035004625616128,0.8571428571428571,0.8571428571428571,3.198209028404751,1.2766638526555587,0.9651876727996761,0.9833333333333333,8.295804505249905,0.95,0.8710625000000001,0.95,0,600,0,False,,,0,,6.066483020782471
phase3c_final_highrep_v1,350ccb9c668fdd57,moderate_effects,20,14,125514,0,1.02,95.0,True,False,-0.07116401908017553,0.6470404430839191,0.7518520188741794,1.0,0.9,3.443691519126928,0.2699904764487953,0.9589446782096938,1.213923046103273,0.75,0.75,2.524757327453599,0.90818701780346,0.9285714285714286,0.8571428571428571,3.181138892934548,1.04681000056212,0.7657658279765417,1.0,8.097028508471478,0.95,0.8921250000000001,0.95,0,600,0,False,,,0,,5.935570478439331
phase3c_final_highrep_v1,350ccb9c668fdd57,moderate_effects,20,15,125515,0,1.02,136.0,True,False,0.32113031800547914,0.5117284856441318,0.648129612742916,1.0,1.0,3.5626066072166154,0.741173370546574,0.9068377623255017,1.1338760813418753,0.75,0.75,2.5158292927130903,0.816937653701731,0.9285714285714286,0.9285714285714286,3.2635273745013227,1.3176163099414666,1.0875574299552382,1.0,7.217428364349496,0.9,0.882625,0.9,0,600,1,False,,,0,,5.805433511734009
phase3c_final_highrep_v1,350ccb9c668fdd57,moderate_effects,20,16,125516,0,1.01,117.0,True,True,0.17419868652365317,0.8781829766777086,1.33738311880169,0.8,0.9,3.3686866152807697,0.8055714893344343,1.2644369701374367,1.5573779373863614,0.5,0.75,2.468666360178051,1.403761279664351,0.7142857142857143,0.8571428571428571,3.1115379709657067,2.133794350538929,1.7627757282486523,0.95,7.687309129267615,0.95,0.8831249999999999,0.95,0,600,0,False,,,0,,5.58779239654541
phase3c_final_highrep_v1,350ccb9c668fdd57,moderate_effects,20,17,125517,0,1.05,37.0,False,False,-0.5353287459469017,0.5439674763156144,0.7422739975100112,0.9,0.9,3.5062638438813707,0.004947693586956181,0.3332752122302602,0.3991149655892424,1.0,1.0,2.4619630115585016,0.6626180701701465,0.9285714285714286,0.9285714285714286,3.207892177503408,3.431681963867023,3.220960932947483,0.6666666666666666,7.974286176069343,0.8,0.7879375000000001,0.8,0,600,3,False,,,0,,5.79007363319397
phase3c_final_highrep_v1,350ccb9c668fdd57,moderate_effects,20,18,125518,0,1.07,22.0,False,False,0.3800996683995705,0.5904718446739082,0.7161238901784357,1.0,0.9,3.360469948158223,0.654579503418959,0.7589005749439319,1.0515056680241377,0.75,0.75,2.2752903727267535,0.8259622501054892,0.9285714285714286,0.8571428571428571,3.0504186408920893,2.0355431134434374,1.6073575655252836,1.0,8.276174204736071,0.75,0.786125,0.75,0,600,0,False,,,0,,5.212290525436401
phase3c_final_highrep_v1,350ccb9c668fdd57,moderate_effects,20,19,125519,0,1.02,159.0,True,False,-0.2481697827533394,0.7463207390081903,0.9101506349340802,1.0,1.0,3.5077134246900123,0.2816244365896431,1.0302718975247527,1.4144929984229744,0.75,0.75,2.5099020012693423,1.0785871563253329,0.9285714285714286,0.9285714285714286,3.2226244465698213,1.6967040016100137,1.2433642953376562,0.95,6.68069106438137,0.85,0.8080625000000001,0.85,0,600,0,False,,,0,,5.082172155380249
phase3c_final_highrep_v1,350ccb9c668fdd57,moderate_effects,20,20,125520,0,1.02,74.0,True,False,-0.4188617998126909,0.730012074465251,0.8801941797911418,1.0,1.0,3.4061028270266624,0.3397302805440473,0.9754304036119154,1.3598800101400537,0.75,0.75,2.377284615237361,1.0400725424320878,0.9285714285714286,0.9285714285714286,3.112154766515433,1.708232048717135,1.331705330898122,1.0,7.730801964015639,0.9,0.8869999999999999,0.9,0,600,0,False,,,0,,4.657943487167358
phase3c_final_highrep_v1,350ccb9c668fdd57,moderate_effects,30,1,135501,0,1.08,35.0,False,False,-0.02582639710686595,0.7165711950383593,0.9866931034799313,0.8,0.9,2.7675763867858483,0.3972678418034368,0.7931595665150084,1.120526878107304,0.75,0.75,2.034448078447925,1.0267130195362073,0.7857142857142857,0.8571428571428571,2.558111155832155,2.1879003926314575,1.9300684599165414,0.8833333333333333,6.3380989963182675,0.85,0.8768125,0.85,0,900,1,False,,,0,,5.2781524658203125
phase3c_final_highrep_v1,350ccb9c668fdd57,moderate_effects,30,2,135502,0,1.01,80.0,True,False,0.0604423036303118,0.62321740665284,0.7494253900123504,1.0,1.0,2.801356002844906,0.7192583043564471,0.7192583043564471,1.1651061063299069,0.75,0.75,1.9912391058781151,0.888267700478239,0.9285714285714286,0.9285714285714286,2.5698940322829658,0.9282654442397074,0.7239461822222925,1.0,6.205491550322468,0.9,0.8865000000000001,0.9,0,900,1,False,,,0,,5.261342525482178
phase3c_final_highrep_v1,350ccb9c668fdd57,moderate_effects,30,3,135503,0,1.03,51.0,True,False,0.13501782618262465,0.9545955669011885,1.1784351805685103,0.8,0.8,2.92377317817689,0.23806863692971175,0.7788685645886424,1.0981942185614924,0.5,0.75,2.08450244711512,1.1560776331675173,0.7142857142857143,0.7857142857142857,2.68398154073067,1.6510246002640228,1.288516407853714,0.95,6.483543919567086,0.95,0.9025624999999998,0.95,0,900,2,False,,,0,,5.066810846328735
phase3c_final_highrep_v1,350ccb9c668fdd57,moderate_effects,30,4,135504,0,1.01,100.0,True,True,-0.23567225026754102,0.9524588453974113,1.0530139413262245,0.9,0.7,2.8182283026281807,0.4360920097138742,0.4844103232931646,0.5530127064741511,1.0,1.0,2.030558883087609,0.9377661839393105,0.9285714285714286,0.7857142857142857,2.5931798970451605,2.287932128187185,1.9067228488693508,0.7166666666666667,5.488244295513238,1.0,0.8939375000000002,0.95,0,900,0,False,,,0,,5.929700613021851
phase3c_final_highrep_v1,350ccb9c668fdd57,moderate_effects,30,5,135505,0,1.03,59.0,True,False,-0.2263823201289183,0.4870181756921522,0.6027444882526317,1.0,1.0,2.7918218730750546,0.356124693140732,0.5781269437395933,0.7186145024438905,1.0,0.75,2.058006328860731,0.6380011416066806,1.0,0.9285714285714286,2.5821602890138187,1.274042007851934,1.0995474395546994,1.0,6.8009948089516055,0.9,0.8876875,0.9,0,900,0,False,,,0,,5.464262008666992
phase3c_final_highrep_v1,350ccb9c668fdd57,moderate_effects,30,6,135506,0,1.23,7.0,False,False,0.26051192788802274,0.8469385794541331,0.9889271075412863,0.8,0.9,2.9261603583204234,0.36731342776447995,0.7892104192453765,1.092245383094569,0.75,0.75,2.0516010894780514,1.0195155764194146,0.7857142857142857,0.8571428571428571,2.6762862815083177,1.1405186997807344,0.8632845573468504,1.0,7.304319908477013,0.9,0.8763125,0.9,0,900,0,False,,,0,,6.227146148681641
phase3c_final_highrep_v1,350ccb9c668fdd57,moderate_effects,30,7,135507,0,1.03,87.0,True,False,-0.22956169256928055,0.43676430267733657,0.5565960631606669,1.0,1.0,2.7020650278484277,0.40248084309569376,0.8977269191036545,1.1674095159945983,0.75,0.75,1.89877829140204,0.7814533935192488,0.9285714285714286,0.9285714285714286,2.4725545317208883,0.8320642329775847,0.5969147949701945,1.0,5.4203609951631035,0.85,0.8500000000000002,0.85,0,900,0,False,,,0,,5.713152647018433
phase3c_final_highrep_v1,350ccb9c668fdd57,moderate_effects,30,8,135508,0,1.02,118.0,True,False,-0.038925960743830965,0.5093522042951815,0.6253171337671741,1.0,1.0,2.7500776644282934,0.37828962904884533,0.8175921298706612,1.1400830437404506,0.75,0.75,1.9890837087362219,0.8066408549536909,0.9285714285714286,0.9285714285714286,2.5326508199448443,1.0394797511130756,0.8186330238533883,1.0,5.325965462173465,0.85,0.82675,0.85,0,900,0,False,,,0,,6.410039901733398
phase3c_final_highrep_v1,350ccb9c668fdd57,moderate_effects,30,9,135509,0,1.07,25.0,False,False,-0.35658816582833025,0.751543935271169,0.8593275989791405,0.9,0.9,2.704882637605833,0.31251109405359745,0.552846433192949,0.6350931493915128,1.0,1.0,1.8948064600182621,0.8016862789185887,0.9285714285714286,0.9285714285714286,2.473432301152241,1.1289962360707941,0.7832407661937656,1.0,6.737259697977317,0.85,0.8696249999999999,0.85,0,900,3,False,,,0,,6.068249702453613
phase3c_final_highrep_v1,350ccb9c668fdd57,moderate_effects,30,10,135510,0,1.03,47.0,False,False,-0.18780342442374068,0.5611545713004945,0.6916502860981901,0.9,1.0,2.6608794734393735,0.3458655015380224,0.8331013997607093,0.9441864143295637,0.5,0.75,1.918200640119689,0.7722764643116182,0.7857142857142857,0.9285714285714286,2.44868552106232,1.6773257924200706,1.3248185682659894,0.9666666666666667,6.8635864624611775,0.9,0.8467500000000001,0.9,0,900,1,False,,,0,,5.056333303451538
phase3c_final_highrep_v1,350ccb9c668fdd57,moderate_effects,30,11,135511,0,1.03,88.0,True,False,0.17809176300539853,0.6329744514032112,0.7331339756712394,0.9,1.0,2.889373123631093,0.7317710957730099,0.8171484442745982,1.0029574921088895,0.5,0.75,2.047300784570721,0.8193442145461989,0.7857142857142857,0.9285714285714286,2.648781026756701,1.3609123768912235,1.184354557855232,1.0,6.319710425816756,0.95,0.9087500000000001,0.95,0,900,1,False,,,0,,5.238697290420532
phase3c_final_highrep_v1,350ccb9c668fdd57,moderate_effects,30,12,135512,0,1.04,79.0,True,False,-0.17972084072982716,0.6198686203058117,0.7166520715902954,1.0,1.0,2.683946678285614,0.600135760763589,0.7100070733714715,0.8641811172059914,0.75,0.75,1.8932713691854592,0.7617244501077896,0.9285714285714286,0.9285714285714286,2.458039447114141,1.3463554619087803,1.1474253394182274,1.0,5.845960868907664,0.95,0.9135624999999999,0.95,0,900,0,False,,,0,,4.810221433639526
phase3c_final_highrep_v1,350ccb9c668fdd57,moderate_effects,30,13,135513,0,1.02,81.0,True,False,-0.10862466997724955,0.8609147265591044,1.0499736709399352,0.9,1.0,2.787547660418584,0.46269912873842584,1.4605992213257988,1.872330039174107,0.5,0.75,2.0441880302096314,1.3375597770098695,0.7857142857142857,0.9285714285714286,2.5751591946445975,1.969523819470431,1.7498096117513422,0.9333333333333333,6.020124023132788,0.95,0.8591249999999999,0.95,0,900,1,False,,,0,,5.453866481781006
phase3c_final_highrep_v1,350ccb9c668fdd57,moderate_effects,30,14,135514,0,1.05,31.0,False,False,0.03482289647114163,0.6207459225021444,0.7144232115807129,1.0,1.0,2.748425930066353,0.30928950216735446,1.0013537653431697,1.2432297745683893,0.75,0.75,1.9622706411113162,0.8978739309353622,0.9285714285714286,0.9285714285714286,2.5238101332220566,2.09843299971608,1.7875882770757168,0.9666666666666667,7.527867154914323,0.85,0.8335000000000001,0.85,0,900,1,False,,,0,,5.121844291687012
phase3c_final_highrep_v1,350ccb9c668fdd57,moderate_effects,30,15,135515,0,1.03,61.0,True,False,0.20769923798300532,0.591054528732455,0.750236693797607,1.0,1.0,2.923358703745163,0.5889709307632803,0.7412547356823372,1.0675083198790107,0.75,0.75,2.103883116163555,0.8530134406597788,0.9285714285714286,0.9285714285714286,2.6892228215789897,1.5824869744061125,1.2194030052655904,0.9833333333333333,6.448420533639503,0.9,0.8740625,0.9,0,900,1,False,,,0,,6.183056592941284
phase3c_final_highrep_v1,350ccb9c668fdd57,moderate_effects,30,16,135516,0,1.04,73.0,True,False,0.3434550611892836,0.36900613188678866,0.45679901979932863,1.0,1.0,2.6985058773952852,0.5811004044948412,0.5811004044948412,0.9939385727334505,0.75,0.75,2.0495047712571033,0.6567402721214349,0.9285714285714286,0.9285714285714286,2.513076989927234,2.3121238843216294,2.0725303421038728,0.8333333333333334,6.260015916310108,0.8,0.8293125,0.8,0,900,0,False,,,0,,5.582255840301514
phase3c_final_highrep_v1,350ccb9c668fdd57,moderate_effects,30,17,135517,0,1.02,70.0,True,False,-0.1563656561163788,0.9449188226474823,1.167359888690436,0.8,0.9,2.7209550739627786,0.3998604762357165,0.5194284599333142,0.666581557041226,1.0,1.0,1.9545452612064311,1.0489659869871681,0.8571428571428571,0.9285714285714286,2.501980841746679,1.9399263526408796,1.5864981438798291,0.95,6.4496771609037955,0.9,0.8485624999999999,0.9,0,900,2,False,,,0,,5.839296102523804
phase3c_final_highrep_v1,350ccb9c668fdd57,moderate_effects,30,18,135518,0,1.04,61.0,True,False,-0.026699592892100044,0.5608671011196095,0.6706247780261169,0.9,0.9,2.7425605158778823,0.3090027693713991,0.46738613164903736,0.6275458397107292,1.0,1.0,1.9757119204211882,0.6586041002854209,0.9285714285714286,0.9285714285714286,2.5234609171759694,0.921317810491136,0.6697819736225633,1.0,6.039894234644384,0.9,0.8295,0.9,0,900,0,False,,,0,,6.355450630187988
phase3c_final_highrep_v1,350ccb9c668fdd57,moderate_effects,30,19,135519,0,1.13,12.0,False,False,0.20114766386035066,0.5774224347220429,0.7243645116511577,0.9,0.9,2.72120562654422,0.452432268188156,0.9957403514336598,1.2282632387066659,0.5,0.75,1.9481465669409481,0.8976780281700176,0.7857142857142857,0.8571428571428571,2.500331609514714,2.2375098638337803,1.9395438256716377,0.8333333333333334,6.193723224055292,0.85,0.8775000000000001,0.85,0,900,0,False,,,0,,5.664449691772461
phase3c_final_highrep_v1,350ccb9c668fdd57,moderate_effects,30,20,135520,0,1.07,45.0,False,False,-0.04101287561073186,0.6209885988300499,0.7318024994301264,0.9,1.0,2.852349572009458,0.6054220216662265,0.7991542128203614,1.0046780278084373,0.75,0.75,1.9708950867185484,0.8190962240685071,0.8571428571428571,0.9285714285714286,2.600505433354912,1.752384748959143,1.5212801930768938,0.9833333333333333,7.032483673462973,0.9,0.8928750000000001,0.9,0,900,0,False,,,0,,6.083714008331299
phase3c_final_highrep_v1,350ccb9c668fdd57,moderate_effects,40,1,145501,0,1.03,65.0,True,False,0.48170821912745715,0.6772348153434484,0.8257613595707669,0.8,0.9,2.3954559749983195,0.9029477409479967,0.9029477409479967,1.0574020077998272,0.5,0.75,1.7687612515901243,0.8980619710560083,0.7142857142857143,0.8571428571428571,2.216400339738835,1.5479509467237318,1.277745259244784,0.9333333333333333,5.247855049718677,0.85,0.8485624999999999,0.85,0,1200,1,False,,,0,,5.069050550460815
phase3c_final_highrep_v1,350ccb9c668fdd57,moderate_effects,40,2,145502,0,1.06,37.0,False,False,-0.0661805283463325,0.4883220620010616,0.5627893897865885,1.0,1.0,2.4245768913138024,0.35100684605101345,0.711234856374189,0.8358832901618406,0.5,0.75,1.7327890892153204,0.6525840105551131,0.8571428571428571,0.9285714285714286,2.226923233571379,1.7110304919827886,1.4534690513641986,0.9,5.373604467794073,0.95,0.9374374999999999,0.95,0,1200,0,False,,,0,,5.322705268859863
phase3c_final_highrep_v1,350ccb9c668fdd57,moderate_effects,40,3,145503,0,1.02,85.0,True,False,0.057007395260478086,0.6182259157537412,0.7100866099997349,0.9,1.0,2.378204211357256,0.2928949173380781,0.5400693383209985,0.754761219696366,0.75,0.75,1.7182105016368046,0.7231324682063714,0.8571428571428571,0.9285714285714286,2.1896345800085553,1.0353691626581667,0.7868348485561428,1.0,5.574695906737222,0.85,0.8445625,0.85,0,1200,2,False,,,0,,4.787360906600952
phase3c_final_highrep_v1,350ccb9c668fdd57,moderate_effects,40,4,145504,0,1.15,10.0,False,False,0.11913226739638336,0.4444877664377268,0.5334122684466527,1.0,1.0,2.429554989342678,0.6465504471589362,0.6978061418837763,1.2160024948234975,0.75,0.75,1.7177551442032397,0.7910180940210587,0.9285714285714286,0.9285714285714286,2.226183605017124,1.9873850466103742,1.8496759386277086,0.9333333333333333,5.696079131258898,0.9,0.8266875,0.9,0,1200,3,False,,,0,,4.836612939834595
phase3c_final_highrep_v1,350ccb9c668fdd57,moderate_effects,40,5,145505,0,1.04,60.0,True,False,0.07865292145597262,0.6459016962588515,0.7362862205551638,1.0,1.0,2.3666438516846866,0.6914893683663238,0.705318970284979,1.1823119976636864,0.75,0.75,1.6767368312007922,0.8869136141325821,0.9285714285714286,0.9285714285714286,2.1695275601178596,1.4443880073081072,1.2100787710706473,0.95,4.964456301062224,0.95,0.946125,0.95,0,1200,2,False,,,0,,5.38011360168457
phase3c_final_highrep_v1,350ccb9c668fdd57,moderate_effects,40,6,145506,0,1.03,55.0,True,False,0.15805348050526383,0.5655433546934887,0.5811696741738767,1.0,1.0,2.439035638782906,0.6776717735705152,0.9245440954952221,1.2785671853866645,0.5,0.75,1.7845074090553177,0.8416191067555445,0.8571428571428571,0.9285714285714286,2.2520275731464525,1.986882374146787,1.754911952377241,0.9,6.060405885031378,0.9,0.8754375000000001,0.9,0,1200,1,False,,,0,,5.32144021987915
phase3c_final_highrep_v1,350ccb9c668fdd57,moderate_effects,40,7,145507,0,1.02,73.0,True,False,0.10084730979116227,0.8123726000177001,1.0151107555552839,0.7,0.7,2.472142266690556,0.05274682144821416,0.4113257983880314,0.4726018882483683,0.75,1.0,1.780450183440715,0.8943436795272148,0.7142857142857143,0.7857142857142857,2.274515957190602,1.4162775428259593,1.040091349672774,0.9333333333333333,4.992181255775151,0.95,0.880875,0.95,0,1200,2,False,,,0,,5.916619777679443
phase3c_final_highrep_v1,350ccb9c668fdd57,moderate_effects,40,8,145508,0,1.03,79.0,True,False,0.32696655887070736,0.7124622953739201,0.7636206002107411,1.0,0.9,2.492242889889267,1.1279922843889003,1.1279922843889003,1.4569494098775595,0.75,0.75,1.764232217208203,1.0114335845165656,0.9285714285714286,0.8571428571428571,2.2842398405518205,1.957745177086484,1.6013218357758638,0.8833333333333333,5.387604475778348,0.95,0.8828125,0.95,0,1200,1,False,,,0,,5.637292146682739
phase3c_final_highrep_v1,350ccb9c668fdd57,moderate_effects,40,9,145509,0,1.07,33.0,False,False,0.23607472912486688,0.6226328095370944,0.8233436697111415,0.9,1.0,2.4737997592967327,0.3858253409976384,0.528616794171447,0.9158112298712157,0.75,0.75,1.8059406578986659,0.8507890799372666,0.8571428571428571,0.9285714285714286,2.2829828731829993,3.1613917806518814,2.9785504097162425,0.6,6.315420507506783,0.85,0.86025,0.85,0,1200,1,False,,,0,,5.879155874252319
phase3c_final_highrep_v1,350ccb9c668fdd57,moderate_effects,40,10,145510,0,1.13,17.0,False,False,0.2974478158927062,0.5825627151778497,0.725456400632996,0.9,0.9,2.4959738581435884,0.4587939998758515,0.9052149936061769,1.3078623914481327,0.75,0.75,1.8154804243074114,0.9298573635644929,0.8571428571428571,0.8571428571428571,2.3015471627618234,1.874364849163805,1.6937045671888804,0.8833333333333333,5.640475411913932,0.9,0.8828750000000001,0.9,0,1200,2,False,,,0,,6.588502883911133
phase3c_final_highrep_v1,350ccb9c668fdd57,moderate_effects,40,11,145511,0,1.05,57.0,True,False,0.026679930811805197,0.3541340956118094,0.4921375540837298,0.9,1.0,2.400189197719886,0.6067076514253475,0.7089016852146297,0.9142766207403413,0.5,0.75,1.7964333535562598,0.6417387473733636,0.7857142857142857,0.9285714285714286,2.22768752795885,1.1734095510559686,0.9539821782850917,1.0,6.193119471856248,0.9,0.8643125000000002,0.9,0,1200,4,False,,,0,,6.409122943878174
phase3c_final_highrep_v1,350ccb9c668fdd57,moderate_effects,40,12,145512,0,1.06,40.0,False,False,-0.21359748574449386,0.2549348679743054,0.32945941508403087,1.0,1.0,2.475033754509056,0.21688779242260098,0.42630697927942424,0.6642068367594751,0.75,0.75,1.8640500908717512,0.4511982419756808,0.9285714285714286,0.9285714285714286,2.300466993469826,1.2212605411676356,1.114278348339195,1.0,5.741832044023384,0.95,0.8789374999999999,0.95,0,1200,5,False,,,0,,5.8191306591033936
phase3c_final_highrep_v1,350ccb9c668fdd57,moderate_effects,40,13,145513,0,1.03,85.0,True,False,-0.16835697197347113,0.2521654022499723,0.32603170376559976,1.0,1.0,2.4205862530153235,0.3136088065430793,0.7058841287279604,0.8652869012993304,0.5,0.75,1.8120229796692242,0.5383740338704911,0.8571428571428571,0.9285714285714286,2.2467110320592956,0.8803156372756749,0.7198523971607607,0.9833333333333333,5.042866910073297,0.85,0.8915,0.85,0,1200,0,False,,,0,,6.5319743156433105
phase3c_final_highrep_v1,350ccb9c668fdd57,moderate_effects,40,14,145514,0,1.07,31.0,False,False,-0.03842766328468987,0.44439597620751015,0.6394220661602588,0.9,0.9,2.4536793681134808,0.4796703866219548,0.5689288928852921,0.9598675807101826,0.75,0.75,1.7952192033666117,0.7451744223871453,0.8571428571428571,0.8571428571428571,2.2655478924715178,0.7675419117592744,0.5645731559695181,1.0,5.552581512103048,1.0,0.9447500000000002,1.0,0,1200,1,False,,,0,,5.62554407119751
phase3c_final_highrep_v1,350ccb9c668fdd57,moderate_effects,40,15,145515,0,1.04,79.0,True,False,0.19584827803784718,0.6140663289306734,0.7322099768037348,0.9,0.9,2.487763128440086,0.7186705570654777,0.7716249417788683,0.9587714392149715,0.75,0.75,1.855079596386258,0.8034872739647667,0.8571428571428571,0.8571428571428571,2.306996404996135,0.9755394198094939,0.7243411978910641,1.0,5.154332923194199,0.9,0.8771875,0.9,0,1200,1,False,,,0,,5.309236526489258
phase3c_final_highrep_v1,350ccb9c668fdd57,moderate_effects,40,16,145516,0,1.02,53.0,True,False,0.06645612325739991,0.6686419692506329,0.831075107870025,0.8,0.9,2.3236343929017016,0.5532365774261784,0.6588853625213577,1.198202716279357,0.75,0.75,1.7119000095682817,0.9505493654577056,0.7857142857142857,0.8571428571428571,2.1488531405207247,2.5273963460418196,2.4089562571413468,0.5666666666666667,5.771246940800769,1.0,0.935375,1.0,0,1200,2,False,,,0,,6.176784992218018
phase3c_final_highrep_v1,350ccb9c668fdd57,moderate_effects,40,17,145517,0,1.07,23.0,False,False,0.22417793422857607,0.5462597910338746,0.6584169456301123,0.9,1.0,2.371045768996428,0.5456134611247634,0.5658500907630604,1.0299474248891127,0.75,0.75,1.6772516680397263,0.782774166258868,0.8571428571428571,0.9285714285714286,2.1728188830087984,1.740505243301545,1.3972431568511419,0.9333333333333333,5.971394991108805,0.9,0.9315625000000001,0.9,0,1200,3,False,,,0,,5.0908119678497314
phase3c_final_highrep_v1,350ccb9c668fdd57,moderate_effects,40,18,145518,0,1.04,57.0,True,False,0.1481653261573145,0.471495995854324,0.5908036639197706,1.0,1.0,2.4563252713607637,0.7032070271130735,1.0865063504715382,1.505813538463671,0.75,0.75,1.7142058740088597,0.9471908596133916,0.9285714285714286,0.9285714285714286,2.2442911578316482,1.2263820352637131,1.0034962149777729,0.9833333333333333,5.456454498356521,0.85,0.8876250000000001,0.85,0,1200,2,False,,,0,,5.159591436386108
phase3c_final_highrep_v1,350ccb9c668fdd57,moderate_effects,40,19,145519,0,1.04,46.0,False,False,-0.07888059888649818,0.5166627646298889,0.5643900659505563,1.0,1.0,2.42558346899508,0.7120096894976404,0.9095257362907911,1.1861278302117984,0.75,0.75,1.7689242126168518,0.793408487109731,0.9285714285714286,0.9285714285714286,2.2379665386013,1.3224822453219827,1.089717846062626,0.9833333333333333,5.59028620536992,1.0,0.9168749999999999,1.0,0,1200,0,False,,,0,,6.029179573059082
phase3c_final_highrep_v1,350ccb9c668fdd57,moderate_effects,40,20,145520,0,1.07,36.0,False,False,0.037643496182113434,0.3608233898684248,0.4487137865028735,1.0,1.0,2.4079008537847715,0.5129532291552592,0.8258834555444821,1.267643358884102,0.75,0.75,1.72251944555611,0.776490242937013,0.9285714285714286,0.9285714285714286,2.212077594290868,0.947617923930115,0.7380954325556704,1.0,6.350083373789255,0.95,0.8980625,0.95,0,1200,3,False,,,0,,5.586068391799927
phase3c_final_highrep_v1,350ccb9c668fdd57,moderate_effects,50,1,155501,0,1.1,14.0,False,False,-0.18820176579784093,0.39659900774164536,0.4739003201105104,1.0,1.0,2.0624091647464367,0.36607712324023667,0.5844942518056001,0.9566526242300487,0.75,0.75,1.4931863917204211,0.6495356642464676,0.9285714285714286,0.9285714285714286,1.8997740867390043,1.4226333871656045,1.3277608858734884,1.0,5.454524408991493,0.9,0.9025624999999999,0.9,0,1500,0,False,,,0,,6.662567615509033
phase3c_final_highrep_v1,350ccb9c668fdd57,moderate_effects,50,2,155502,0,1.08,40.0,False,False,0.16887890451650828,0.5995190259065634,0.7998488183538758,0.9,0.8,2.302782177393367,0.2783381165108571,0.34085101593743955,0.4203158915029192,1.0,1.0,1.635887160946238,0.7123523965817404,0.9285714285714286,0.8571428571428571,2.1122407441227593,1.2127064359174335,0.863386857563949,0.9833333333333333,5.092604169554827,0.9,0.8273125,0.9,0,1500,1,False,,,0,,6.894477605819702
phase3c_final_highrep_v1,350ccb9c668fdd57,moderate_effects,50,3,155503,0,1.04,58.0,True,False,-0.004565682161633106,0.682730801233616,0.8130938119391433,0.7,1.0,2.08475036444399,0.48060846650703887,0.597718542264607,0.7744576464114162,0.75,0.75,1.4899003470814312,0.8022447994078735,0.7142857142857143,0.9285714285714286,1.9147932166261161,1.0834882676150515,0.7892105019515125,0.9666666666666667,5.0203481620427395,0.95,0.9143749999999999,0.95,0,1500,3,False,,,0,,6.10922384262085
phase3c_final_highrep_v1,350ccb9c668fdd57,moderate_effects,50,4,155504,0,1.04,43.0,False,False,-0.19687774347501674,0.3911936955864733,0.435327483939885,1.0,1.0,2.2423923321337496,0.3702183597100288,0.5294901955740464,0.7528863231131567,0.75,0.75,1.659286267452821,0.5452687047199563,0.9285714285714286,0.9285714285714286,2.0757905993677697,0.7588899303363758,0.6049914871786928,1.0,5.041838415410668,1.0,0.89975,1.0,0,1500,2,False,,,0,,5.684484004974365
phase3c_final_highrep_v1,350ccb9c668fdd57,moderate_effects,50,5,155505,0,1.1,18.0,False,False,-0.12016331666419126,0.38042822439373297,0.41704901083516277,1.0,1.0,2.1658463640941212,0.5201288450047914,0.8427807149002637,1.1442352588002502,0.5,0.75,1.5948366848775577,0.7059135967116139,0.8571428571428571,0.9285714285714286,2.0027007414608176,1.7669132499326357,1.5597350152084706,0.8333333333333334,4.7683434950492884,0.95,0.9177500000000001,0.95,0,1500,1,False,,,0,,5.999567985534668
phase3c_final_highrep_v1,350ccb9c668fdd57,moderate_effects,50,6,155506,0,1.09,44.0,False,False,0.033441674946556754,0.26594043093192227,0.3407247318017202,1.0,1.0,2.1220476010913183,0.50249705302655,0.6027420267494465,1.002712184277693,0.75,0.75,1.5587216404389208,0.6084324311944888,0.9285714285714286,0.9285714285714286,1.9610973266192044,0.7207637603250429,0.540025393616059,1.0,5.089124947729106,1.0,0.9280625,1.0,0,1500,6,False,,,0,,5.289703607559204
phase3c_final_highrep_v1,350ccb9c668fdd57,moderate_effects,50,7,155507,0,1.08,30.0,False,False,-0.002944277818514329,0.49518405688952527,0.6279545199167811,0.8,1.0,2.1900528903084804,0.5804498601325617,1.1599664372723453,1.5376628035091076,0.25,0.75,1.611182763899181,0.9783695029421257,0.6428571428571429,0.9285714285714286,2.0246614256201094,1.253934644104489,0.9966910082931034,0.95,5.222529757413414,0.95,0.9203125,0.95,0,1500,0,False,,,0,,5.129770755767822
phase3c_final_highrep_v1,350ccb9c668fdd57,moderate_effects,50,8,155508,0,1.16,15.0,False,False,0.36253318922916583,0.48807480070793974,0.5570969142321696,1.0,1.0,2.2937277662803712,0.6057752771341152,0.7452619065502581,1.087709636055837,0.75,0.75,1.6963263008113547,0.7481414461347791,0.9285714285714286,0.9285714285714286,2.1230416332892235,1.127851380838246,0.8569820033107713,1.0,5.488243893927073,0.85,0.877,0.85,0,1500,4,False,,,0,,6.303973436355591
phase3c_final_highrep_v1,350ccb9c668fdd57,moderate_effects,50,9,155509,0,1.04,38.0,False,False,0.17168364625087432,0.3233092070996125,0.5144945777210933,0.9,1.0,2.213456293099756,0.43191045801085076,0.6514239622882101,0.9668184713515076,0.75,0.75,1.6688821200039294,0.6753834112788889,0.8571428571428571,0.9285714285714286,2.057863672215234,1.3564725194909986,1.0949388363078667,0.9666666666666667,4.8427546103318715,0.95,0.88025,0.95,0,1500,2,False,,,0,,5.479371786117554
phase3c_final_highrep_v1,350ccb9c668fdd57,moderate_effects,50,10,155510,0,1.06,35.0,False,False,-0.250224726262294,0.3683230297796172,0.5247563830632004,0.9,1.0,2.197168145055776,0.31352392706568877,0.5333165628594195,0.8625267972385995,0.75,0.75,1.609512144853928,0.6397266447182415,0.8571428571428571,0.9285714285714286,2.0292664307123904,1.207163117812245,1.0367674315723663,1.0,5.534569853589221,0.95,0.9244375,0.95,0,1500,1,False,,,0,,5.735952854156494
phase3c_final_highrep_v1,350ccb9c668fdd57,moderate_effects,50,11,155511,0,1.03,46.0,False,False,-0.16346796336068115,0.3656054024455724,0.448146117460316,1.0,1.0,2.1474099279691545,0.24290057418148475,0.5688190648193829,0.8041654102119158,0.75,0.75,1.5053319977120176,0.5729047199436986,0.9285714285714286,0.9285714285714286,1.96395909075283,0.9522063098473653,0.7038228597097053,1.0,4.894203146683825,0.85,0.8601875,0.85,0,1500,1,False,,,0,,7.24730920791626
phase3c_final_highrep_v1,350ccb9c668fdd57,moderate_effects,50,12,155512,0,1.05,48.0,False,False,-0.13312562151937365,0.37992132536256484,0.4391889559223537,1.0,1.0,2.2157870058770963,0.28712871983562305,0.8556409307350026,1.0257827017217171,0.75,0.75,1.6325377796017453,0.6621280624216616,0.9285714285714286,0.9285714285714286,2.0491443697984244,1.9538809628422815,1.7576018570443168,0.7666666666666667,5.006544778331958,0.9,0.8736875,0.9,0,1500,3,False,,,0,,6.179249286651611
phase3c_final_highrep_v1,350ccb9c668fdd57,moderate_effects,50,13,155513,0,1.09,24.0,False,False,-0.04620458548765969,0.2507108783414825,0.3515993033432994,1.0,1.0,2.144629480254107,0.23333088399180524,0.5875993903982415,0.8559404301353393,0.75,0.75,1.5510469764150514,0.5455506249178775,0.9285714285714286,0.9285714285714286,1.9750344791572338,0.825138699814122,0.6266794566273537,1.0,5.967755454859878,0.95,0.8797500000000001,0.95,0,1500,0,False,,,0,,6.284459590911865
phase3c_final_highrep_v1,350ccb9c668fdd57,moderate_effects,50,14,155514,0,1.03,62.0,True,False,-0.19991053246539509,0.35056273345980066,0.39660406459289205,1.0,1.0,2.154618578932889,0.24999137194654314,0.6390124902757732,0.8135581632716526,0.75,0.75,1.514146065867478,0.549054731894463,0.9285714285714286,0.9285714285714286,1.9716264323427712,1.243648980750913,1.0088080794172065,0.95,4.829054360723829,0.9,0.8702500000000001,0.9,0,1500,0,False,,,0,,6.165745735168457
phase3c_final_highrep_v1,350ccb9c668fdd57,moderate_effects,50,15,155515,0,1.03,44.0,False,False,-0.0404860257114235,0.3830988034903014,0.45296430377136304,1.0,1.0,2.1923091623184745,0.6690449537566786,0.714905078071688,1.174909776932551,0.75,0.75,1.6136368168471211,0.7354987880264631,0.9285714285714286,0.9285714285714286,2.0269742064695166,0.9474687383355369,0.6715252158019301,0.9666666666666667,4.927361862422244,0.85,0.842875,0.85,0,1500,1,False,,,0,,6.679319381713867
phase3c_final_highrep_v1,350ccb9c668fdd57,moderate_effects,50,16,155516,0,1.07,27.0,False,False,-0.0369267658694719,0.5429491144763163,0.5877011385644756,1.0,0.9,2.27000069659332,0.34448377130793734,0.46514034783943153,0.5788210030362763,1.0,1.0,1.6830669982156645,0.5851777078633887,1.0,0.9285714285714286,2.1023053541997037,0.997001000498028,0.8242852678007115,0.9833333333333333,4.628862321407667,0.9,0.9014374999999999,0.9,0,1500,0,False,,,0,,5.674521446228027
phase3c_final_highrep_v1,350ccb9c668fdd57,moderate_effects,50,17,155517,0,1.03,88.0,True,False,-0.2829263261969523,0.6220933923271155,0.7426859346727466,0.9,0.9,2.231040669409002,0.22381945231963474,0.4356582609021916,0.5829162735026893,0.75,1.0,1.5621686344240282,0.7007643532633471,0.8571428571428571,0.9285714285714286,2.039934373699009,1.0745683088074711,0.9093647993255163,0.9833333333333333,4.590516617786688,0.95,0.8925625,0.95,0,1500,0,False,,,0,,5.088909864425659
phase3c_final_highrep_v1,350ccb9c668fdd57,moderate_effects,50,18,155518,0,1.03,67.0,True,False,-0.20389066311075715,0.4949099003603477,0.6155918846955769,0.9,1.0,2.1621421961408798,0.08651858150764058,0.8738895633333872,1.0998360051002967,0.5,0.75,1.5517031156940524,0.785042793987802,0.7857142857142857,0.9285714285714286,1.987731030298929,1.1078595700400269,0.9195425174200312,0.9666666666666667,4.785182572689703,0.85,0.8873125,0.85,0,1500,2,False,,,0,,5.135515928268433
phase3c_final_highrep_v1,350ccb9c668fdd57,moderate_effects,50,19,155519,0,1.03,70.0,True,False,-0.12839708262654353,0.7186627349333943,0.8965218600397515,0.8,0.9,2.17720489480406,0.3981683520250187,0.3981683520250187,0.6710491855623903,0.75,1.0,1.6042184520613891,0.8383121858432976,0.7857142857142857,0.9285714285714286,2.013494482591868,2.6290477138274384,2.4364292476733973,0.38333333333333336,4.422843208025077,0.75,0.8129375,0.75,0,1500,1,False,,,0,,6.194798946380615
phase3c_final_highrep_v1,350ccb9c668fdd57,moderate_effects,50,20,155520,0,1.07,45.0,False,False,-0.10016178578711132,0.4496308753086625,0.5011520156580753,1.0,1.0,2.2679370341592713,0.3480631751782593,0.6949027491011495,1.0594330513013999,0.75,0.75,1.6881393774195617,0.7071637004228682,0.9285714285714286,0.9285714285714286,2.1022805608050685,1.0448509458801591,0.7566312213944032,1.0,5.355174215746587,0.9,0.9071875,0.9,0,1500,2,False,,,0,,5.502525806427002
phase3c_final_highrep_v1,350ccb9c668fdd57,moderate_effects,60,1,165501,0,1.04,39.0,False,False,0.12938816509336906,0.4080245173909861,0.4577654791817647,1.0,1.0,2.0290374225400027,0.3785083518277658,0.571802507273397,0.8290171831231554,0.75,0.75,1.4510262205699513,0.5882522721077431,0.9285714285714286,0.9285714285714286,1.8638913648342736,1.1726455944761236,1.0049436273740786,1.0,4.973948030942326,0.9,0.8928749999999999,0.9,0,1800,3,False,,,0,,6.356565237045288
phase3c_final_highrep_v1,350ccb9c668fdd57,moderate_effects,60,2,165502,0,1.04,38.0,False,False,-0.026716904064423664,0.2902762103665294,0.3495503031033873,1.0,1.0,1.9285545211134298,0.5365994961389868,0.7227468952151381,1.09464192487428,0.75,0.75,1.370055497036509,0.6554615559592107,0.9285714285714286,0.9285714285714286,1.7689833713771663,2.4691938465623338,2.339810400498235,0.43333333333333335,4.540693944570496,1.0,0.9663125000000001,1.0,0,1800,4,False,,,0,,7.082331895828247
phase3c_final_highrep_v1,350ccb9c668fdd57,moderate_effects,60,3,165503,0,1.04,57.0,True,False,-0.19157240976601325,0.37346434676188356,0.543457841576155,0.9,0.9,1.9286984215227705,0.06319340892473252,0.3774203312113779,0.42168718652397014,0.75,1.0,1.4052383537604474,0.51163216340454,0.8571428571428571,0.9285714285714286,1.7791384021621066,1.041503121704756,0.8839495467068232,1.0,4.361443874268531,0.85,0.8246874999999999,0.85,0,1800,1,False,,,0,,6.3147852420806885
phase3c_final_highrep_v1,350ccb9c668fdd57,moderate_effects,60,4,165504,0,1.05,52.0,True,False,0.21781586424264524,0.4195712079800245,0.4632967906979235,1.0,1.0,2.00130806722808,0.5441812379337367,0.6049965919935059,1.1003032148893215,0.75,0.75,1.4895554465520133,0.706556428920935,0.9285714285714286,0.9285714285714286,1.855093032749204,1.7094935660459922,1.5512824007301484,0.75,4.101828039572353,0.9,0.9015000000000001,0.9,0,1800,0,False,,,0,,6.457702398300171
phase3c_final_highrep_v1,350ccb9c668fdd57,moderate_effects,60,5,165505,0,1.03,45.0,False,False,-0.28591783646066216,0.5068041718170802,0.6212035630175705,0.8,1.0,1.9916782187480884,0.1653744489455894,0.6200352387322673,0.8405774311617364,0.5,0.75,1.446725276516878,0.691025135896512,0.7142857142857143,0.9285714285714286,1.8359773781105997,1.0256661780273673,0.8342759899900977,1.0,4.718400564480599,0.9,0.8969374999999999,0.9,0,1800,0,False,,,0,,6.2755208015441895
phase3c_final_highrep_v1,350ccb9c668fdd57,moderate_effects,60,6,165506,0,1.03,102.0,True,False,0.06335936944512462,0.34646567492684766,0.4164771261971697,1.0,1.0,2.0591056954198126,0.385476293843024,0.6487452278749728,0.9685026469158727,0.75,0.75,1.5005918408740864,0.6260146891696676,0.9285714285714286,0.9285714285714286,1.8995303084067479,1.4514801068954681,1.2308861350624867,0.7833333333333333,3.8863494366026217,0.95,0.929125,0.95,0,1800,0,False,,,0,,7.471256971359253
phase3c_final_highrep_v1,350ccb9c668fdd57,moderate_effects,60,7,165507,0,1.04,31.0,False,False,-0.14878963893605837,0.4593865225019524,0.5185740279298272,1.0,1.0,2.021891747865248,0.4195705761605602,0.7019832389360701,1.0658277355303365,0.75,0.75,1.5257281077309282,0.7187859442806794,0.9285714285714286,0.9285714285714286,1.8801307078268708,1.1765896600167882,0.9633409893184024,0.9833333333333333,5.423652175505058,0.8,0.8316250000000001,0.8,0,1800,1,False,,,0,,5.7975852489471436
phase3c_final_highrep_v1,350ccb9c668fdd57,moderate_effects,60,8,165508,0,1.02,52.0,True,False,0.007201960876705349,0.5604425000195482,0.6684205972962726,0.8,0.9,1.9350608856903695,0.32043074103565805,0.32043074103565805,0.4433593999101575,1.0,1.0,1.4039377235355708,0.612613323560503,0.8571428571428571,0.9285714285714286,1.7833114107889985,1.9189947859559893,1.7349613958449197,0.7,4.4740268750115355,0.85,0.8488125,0.85,0,1800,1,False,,,0,,5.253009080886841
phase3c_final_highrep_v1,350ccb9c668fdd57,moderate_effects,60,9,165509,0,1.05,52.0,True,False,0.025234474502503556,0.3068916637935989,0.36825118308011096,1.0,1.0,2.032782114239869,0.4608702155455064,0.6566581675798628,0.9004633848624618,0.5,0.75,1.4667666554750307,0.5731757751031192,0.8571428571428571,0.9285714285714286,1.8710634117356295,2.0343930078824006,1.8073285896446059,0.7,4.603082003544133,0.9,0.8715624999999999,0.9,0,1800,1,False,,,0,,5.203869342803955
phase3c_final_highrep_v1,350ccb9c668fdd57,moderate_effects,60,10,165510,0,1.03,39.0,False,False,-0.07485194032408052,0.36339200508348374,0.4189977428575043,1.0,0.9,2.045747928560663,0.35428782320997004,0.47246479721525453,0.6152592044310419,0.75,1.0,1.5179851301725455,0.48327503554581386,0.9285714285714286,0.9285714285714286,1.8949585575926302,1.562155934144431,1.4267937113513842,0.9333333333333333,4.674340741178869,0.9,0.880875,0.9,0,1800,0,False,,,0,,6.195814371109009
phase3c_final_highrep_v1,350ccb9c668fdd57,moderate_effects,60,11,165511,0,1.06,44.0,False,False,-0.15094970535080532,0.35358863623685743,0.43837791080057703,1.0,0.9,1.991842864863988,0.16409966145586796,0.3898425925578971,0.5950254451888127,0.75,1.0,1.4179108636520148,0.4882895107608779,0.9285714285714286,0.9285714285714286,1.8278622930891386,0.9651863205278675,0.7307288014851643,1.0,4.169356277532655,0.85,0.8403749999999999,0.85,0,1800,1,False,,,0,,5.550194501876831
phase3c_final_highrep_v1,350ccb9c668fdd57,moderate_effects,60,12,165512,0,1.04,41.0,False,False,-0.09432403783764973,0.45438256256240017,0.58396143600374,0.8,1.0,1.9639247005063836,0.24852086860419786,0.9754037184537429,1.335464670036295,0.5,0.75,1.393860717196287,0.8678369303313063,0.7142857142857143,0.9285714285714286,1.8010492767034987,1.0366879287306354,0.7901978232771356,0.9833333333333333,5.103424396358192,0.9,0.8940624999999999,0.9,0,1800,2,False,,,0,,5.55025577545166
phase3c_final_highrep_v1,350ccb9c668fdd57,moderate_effects,60,13,165513,0,1.06,50.0,False,False,-0.2665144904162967,0.36362997950800774,0.44574137192790403,1.0,1.0,2.0221412869613467,0.31450338705272596,0.5610378322575896,0.8214869693000577,0.5,0.75,1.4321098450494945,0.5785583727434002,0.8571428571428571,0.9285714285714286,1.8535608749865315,1.704884486206362,1.5380135589958237,0.8,4.748787033544681,0.9,0.8943125000000001,0.9,0,1800,3,False,,,0,,5.667734146118164
phase3c_final_highrep_v1,350ccb9c668fdd57,moderate_effects,60,14,165514,0,1.03,85.0,True,False,0.32240436058580785,0.34211653713876045,0.4210798981238697,1.0,1.0,2.0101644654466524,0.6006120793490961,0.6346976275372078,0.9935908611008906,0.75,0.75,1.4100117603125373,0.6393062089424375,0.9285714285714286,0.9285714285714286,1.8386922639797623,1.0692017791578563,0.9325480041260417,0.9833333333333333,4.221198254795229,0.9,0.9146875,0.9,0,1800,1,False,,,0,,6.942879915237427
phase3c_final_highrep_v1,350ccb9c668fdd57,moderate_effects,60,15,165515,0,1.08,39.0,False,False,0.4047036842613226,0.589741488207564,0.7137305285828437,0.7,1.0,2.0055623253582855,0.7829962390254079,0.7829962390254079,1.1104285110545427,0.75,0.75,1.498840168501696,0.8462656872132285,0.7142857142857143,0.9285714285714286,1.8607845662564029,3.235696459207933,3.047592559974555,0.23333333333333334,4.5976217499617515,0.85,0.842375,0.85,0,1800,4,False,,,0,,7.054525852203369
phase3c_final_highrep_v1,350ccb9c668fdd57,moderate_effects,60,16,165516,0,1.05,66.0,True,False,0.005075070883744359,0.4932124372535447,0.5365853218611948,0.9,1.0,1.9957481856580692,0.6064362119270225,0.6064362119270225,0.7760082966309718,0.5,0.75,1.4154135940966242,0.6145842719228543,0.7857142857142857,0.9285714285714286,1.829938302354799,0.7109145978772705,0.5913519801184657,1.0,4.349182659739919,1.0,0.943875,1.0,0,1800,3,False,,,0,,7.138833284378052
phase3c_final_highrep_v1,350ccb9c668fdd57,moderate_effects,60,17,165517,0,1.12,18.0,False,False,-0.1930467319097591,0.4074301773396691,0.5445891416059511,0.9,0.9,1.994083472073256,0.2371636266393875,0.5312148874497616,0.6586281607116155,0.75,1.0,1.4431783671334033,0.5794663522759866,0.8571428571428571,0.9285714285714286,1.8366820135190127,1.659968069556215,1.4454564458827734,0.9666666666666667,5.450884066742461,1.0,0.9220625,1.0,0,1800,3,False,,,0,,6.447051286697388
phase3c_final_highrep_v1,350ccb9c668fdd57,moderate_effects,60,18,165518,0,1.1,19.0,False,False,-0.035336952147646136,0.5149681163333671,0.5453686873447866,1.0,1.0,1.9452680989612006,0.5736329093834034,0.5909811187082799,0.8186648408033119,0.75,0.75,1.4222907341025204,0.6355604128658988,0.9285714285714286,0.9285714285714286,1.7958459947158634,0.6761069276501622,0.5403375566092372,1.0,4.510857547877165,0.9,0.8964375,0.9,0,1800,0,False,,,0,,7.532368898391724
phase3c_final_highrep_v1,350ccb9c668fdd57,moderate_effects,60,19,165519,0,1.04,44.0,False,False,-0.14992556937018006,0.532372524229032,0.6467053609565283,0.9,0.9,2.073061944037721,0.34273559409465615,0.7058183661704879,0.8072801355470225,0.75,1.0,1.5185914239253604,0.6963723915454602,0.8571428571428571,0.9285714285714286,1.9146417954341897,0.9771548096408098,0.7360041965296523,0.9833333333333333,4.68733112117742,0.95,0.9203749999999999,0.95,0,1800,2,False,,,0,,6.348857402801514
phase3c_final_highrep_v1,350ccb9c668fdd57,moderate_effects,60,20,165520,0,1.02,71.0,True,False,0.013253163419606695,0.4960763465650896,0.6132571846070003,0.8,0.9,2.009355998064586,0.5457310751418092,0.5457310751418092,0.6821341819445579,0.75,1.0,1.458774240350841,0.6337006905826919,0.7857142857142857,0.9285714285714286,1.8520469244320874,0.7913273193830727,0.6226238444448946,1.0,4.118659513486266,0.95,0.9168125,0.95,0,1800,0,False,,,0,,6.215008735656738
phase3c_final_highrep_v1,350ccb9c668fdd57,moderate_effects,80,1,185501,0,1.03,57.0,True,False,0.08896583475554647,0.3704839100933249,0.42873232936336125,1.0,1.0,1.716969109684107,0.39185588124574194,0.6773636287235092,1.0832269552379656,0.75,0.75,1.2484912541600468,0.6830413420153483,0.9285714285714286,0.9285714285714286,1.58311829382009,0.6433644599324404,0.5025962602664981,0.9833333333333333,3.836389770206362,0.95,0.9276250000000001,0.95,0,2400,7,False,,,0,,5.9643003940582275
phase3c_final_highrep_v1,350ccb9c668fdd57,moderate_effects,80,2,185502,0,1.04,42.0,False,False,0.057773050962169295,0.44139785443113766,0.5469176038885976,0.7,0.9,1.7544035585278572,0.39989496331254504,0.558250814577837,0.6895349810323392,0.5,1.0,1.233009596535981,0.5911866163368578,0.6428571428571429,0.9285714285714286,1.605433855101607,0.7836231616798992,0.6138288227510301,1.0,4.272953449634719,0.85,0.8738750000000002,0.85,0,2400,3,False,,,0,,6.409536838531494
phase3c_final_highrep_v1,350ccb9c668fdd57,moderate_effects,80,3,185503,0,1.05,42.0,False,False,-0.043442914138251985,0.3925387148625175,0.5068862787378164,0.9,1.0,1.8148381966555274,0.3046074178092764,0.5236219344137276,0.7821294703167266,0.75,0.75,1.3223756885926634,0.5985842242371582,0.8571428571428571,0.9285714285714286,1.6741346229232803,0.9194021714533123,0.7138255880894957,0.95,3.8775625754598924,0.9,0.8803124999999999,0.9,0,2400,1,False,,,0,,7.323957443237305
phase3c_final_highrep_v1,350ccb9c668fdd57,moderate_effects,80,4,185504,0,1.1,31.0,False,False,0.13165588023339783,0.3585616415239729,0.43563740096191234,0.9,1.0,1.7764664505871905,0.6801439811814449,0.8052163316114314,1.2114637219488467,0.75,0.75,1.2566931184619041,0.7449054038486609,0.8571428571428571,0.9285714285714286,1.62795978426568,1.3289586760379626,1.130154495884949,0.9,4.020607112056619,0.9,0.87225,0.9,0,2400,1,False,,,0,,6.220297813415527
phase3c_final_highrep_v1,350ccb9c668fdd57,moderate_effects,80,5,185505,0,1.07,35.0,False,False,-0.035583542193888866,0.42905579745329947,0.48653918879048175,1.0,1.0,1.732466120511388,0.5239396185167404,0.5239396185167404,0.8205582847422115,0.75,0.75,1.270201924390785,0.6012170642553393,0.9285714285714286,0.9285714285714286,1.6003906359055013,1.267418848885059,1.1166475419269963,0.8166666666666667,3.57587745061436,0.95,0.9207500000000002,0.95,0,2400,3,False,,,0,,6.92593789100647
phase3c_final_highrep_v1,350ccb9c668fdd57,moderate_effects,80,6,185506,0,1.05,52.0,True,False,0.22260683192610423,0.38976915751607244,0.48203836746799456,1.0,1.0,1.8190285757488875,0.6164739661584204,0.6661245633123487,1.1484914936835093,0.75,0.75,1.3238528005061534,0.7367758295130794,0.9285714285714286,0.9285714285714286,1.6775497828223924,1.0392570172253741,0.9007010300683407,0.8833333333333333,3.728603526655131,0.9,0.9009375000000001,0.9,0,2400,2,False,,,0,,6.825143098831177
phase3c_final_highrep_v1,350ccb9c668fdd57,moderate_effects,80,7,185507,0,1.04,54.0,True,False,0.09482091074112942,0.20492283923960936,0.2794682168632337,1.0,1.0,1.6940871229196701,0.6120082454374298,0.777385236319329,1.248668494720961,0.75,0.75,1.2595655716847425,0.708001053328615,0.9285714285714286,0.9285714285714286,1.5699381082811195,0.6270040835825998,0.467090936201692,0.9833333333333333,3.619937566359598,0.9,0.8831875,0.9,0,2400,4,False,,,0,,8.10507321357727
phase3c_final_highrep_v1,350ccb9c668fdd57,moderate_effects,80,8,185508,0,1.03,47.0,False,False,-0.1281823146761349,0.5966871114814671,0.6912358634325215,0.8,0.9,1.754173046091698,0.6076109677133594,0.7058816667740628,0.7740062995053937,0.25,1.0,1.2730031384392166,0.715861778141222,0.6428571428571429,0.9285714285714286,1.6166959296195604,1.0085337693086323,0.7667404069884803,0.9333333333333333,3.9991187857826693,0.9,0.8723125000000002,0.9,0,2400,2,False,,,0,,6.793526649475098
phase3c_final_highrep_v1,350ccb9c668fdd57,moderate_effects,80,9,185509,0,1.04,57.0,True,False,0.06455432535196261,0.2426894892221151,0.4010498641106431,0.9,1.0,1.7548181785900532,0.32282527944526496,0.6041054713050324,0.9561829010888448,0.75,0.75,1.3444511230911411,0.6132788282415367,0.8571428571428571,0.9285714285714286,1.637570448447507,0.899783053495538,0.7175897270839126,0.9833333333333333,4.06309086257561,0.9,0.8764375000000001,0.9,0,2400,6,False,,,0,,6.637764930725098
phase3c_final_highrep_v1,350ccb9c668fdd57,moderate_effects,80,10,185510,0,1.02,59.0,True,False,-0.18773302660396526,0.37541898313100974,0.45874712114865657,1.0,1.0,1.6967371045435162,0.15546062165976993,0.44749481000343905,0.6577806482922348,0.5,0.75,1.258652005198507,0.5233948752883028,0.8571428571428571,0.9285714285714286,1.571569933302085,0.6841121448568643,0.5547440340391302,1.0,3.7725913829169713,0.9,0.875375,0.9,0,2400,5,False,,,0,,5.841646432876587
phase3c_final_highrep_v1,350ccb9c668fdd57,moderate_effects,80,11,185511,0,1.05,52.0,True,False,-0.045297073625848464,0.33009427589501633,0.40656949180387975,1.0,1.0,1.692327157305801,0.3464899991025573,0.4367452858472993,0.7125345502535568,0.75,0.75,1.2606942116414082,0.5129612529140971,0.9285714285714286,0.9285714285714286,1.569003458544546,1.9679439069136915,1.8850113055661362,0.4,3.8270828755663877,1.0,0.9013750000000001,1.0,0,2400,3,False,,,0,,6.034096002578735
phase3c_final_highrep_v1,350ccb9c668fdd57,moderate_effects,80,12,185512,0,1.09,25.0,False,False,0.034284421181531924,0.38149928523166526,0.4598349045801833,0.9,1.0,1.7536323119101216,0.48950536191343236,0.6255926096182456,1.0210214840618737,0.75,0.75,1.2367836946428459,0.6699904518704675,0.8571428571428571,0.9285714285714286,1.6059612784051858,0.9115743897562888,0.7653314067316295,1.0,4.2795027608307405,1.0,0.9563124999999999,1.0,0,2400,3,False,,,0,,7.5863938331604
phase3c_final_highrep_v1,350ccb9c668fdd57,moderate_effects,80,13,185513,0,1.07,35.0,False,False,0.26116157290707387,0.31683553631498784,0.4059370298745401,0.9,1.0,1.7135066957456313,0.6305913361340231,0.6961853887182207,1.152174169230147,0.75,0.75,1.25061589443604,0.7049756828226849,0.8571428571428571,0.9285714285714286,1.5812521810857478,0.7963249764694517,0.5585815478216614,1.0,4.010722470170614,0.9,0.858125,0.9,0,2400,4,False,,,0,,6.610491752624512
phase3c_final_highrep_v1,350ccb9c668fdd57,moderate_effects,80,14,185514,0,1.03,56.0,True,False,0.09227888504901105,0.2727073764888107,0.36666907690672745,1.0,1.0,1.7692864792533314,0.6659199308821862,0.7973131999484446,1.2939954583260374,0.75,0.75,1.2460510421621036,0.7579181591829577,0.9285714285714286,0.9285714285714286,1.619790640084409,0.8586893307003989,0.7419633096645375,1.0,4.350453698638625,1.0,0.9856875,1.0,0,2400,1,False,,,0,,7.447540283203125
phase3c_final_highrep_v1,350ccb9c668fdd57,moderate_effects,80,15,185515,0,1.03,45.0,False,False,-0.05318843144461507,0.3687186719299847,0.47720202626747593,0.9,1.0,1.7434826671522696,0.4554723263541171,0.5802448518794667,0.8713678919418072,0.75,0.75,1.2521674862814485,0.6161137273939821,0.8571428571428571,0.9285714285714286,1.6031069011891776,1.0280078532563302,0.8302092209372346,0.9666666666666667,3.937676519554798,0.95,0.91975,0.95,0,2400,1,False,,,0,,6.652963876724243
phase3c_final_highrep_v1,350ccb9c668fdd57,moderate_effects,80,16,185516,0,1.07,32.0,False,False,-0.0402502833014038,0.3400030308035201,0.4623962212556799,0.9,1.0,1.693867441700709,0.15664902104198458,0.8745366587777548,1.0804337380881766,0.25,0.75,1.2447009219762708,0.6973137695016334,0.7142857142857143,0.9285714285714286,1.5655341503508695,0.895785806202863,0.7834196624893628,1.0,4.113788076732495,0.95,0.9106875000000001,0.95,0,2400,1,False,,,0,,6.238495111465454
phase3c_final_highrep_v1,350ccb9c668fdd57,moderate_effects,80,17,185517,0,1.06,35.0,False,False,-0.04402342971555593,0.42855862979116843,0.5295916481070706,0.9,1.0,1.6815242435186295,0.5002932092666978,0.654987562014389,0.8136366469444014,0.5,0.75,1.2513387879990923,0.6240816974020621,0.7857142857142857,0.9285714285714286,1.5586141133701903,0.8484373637656515,0.6913536993619143,1.0,3.4973378048776507,1.0,0.958,1.0,0,2400,0,False,,,0,,7.0383219718933105
phase3c_final_highrep_v1,350ccb9c668fdd57,moderate_effects,80,18,185518,0,1.1,34.0,False,False,0.3319233174593511,0.5791444149194845,0.6968019468964033,0.8,1.0,1.7644932727371518,0.6771203131188013,0.9417601837616008,1.429190413220743,0.5,0.75,1.2694474028727913,0.9645750537692193,0.7142857142857143,0.9285714285714286,1.6230515956330485,0.9135937932817221,0.663812519144036,0.9833333333333333,4.120014758361237,0.9,0.9033125,0.9,0,2400,4,False,,,0,,6.323882579803467
phase3c_final_highrep_v1,350ccb9c668fdd57,moderate_effects,80,19,185519,0,1.03,55.0,True,False,0.1311022506304935,0.3691134925017209,0.4247827516107343,1.0,1.0,1.7372118905981384,0.6286730948953857,0.6468302426842859,1.0250824044170952,0.75,0.75,1.2219735827023075,0.6550670415004429,0.9285714285714286,0.9285714285714286,1.5900009454850437,0.7068342049154127,0.4991481340937734,1.0,3.8146786115017757,1.0,0.9785625,1.0,0,2400,0,False,,,0,,6.166797161102295
phase3c_final_highrep_v1,350ccb9c668fdd57,moderate_effects,80,20,185520,0,1.06,46.0,False,False,0.013077162969061806,0.4345345963445467,0.479419767332376,0.9,1.0,1.689342690484165,0.5460962633963018,0.5460962633963018,0.7259414492029732,0.75,0.75,1.2132665122372153,0.5610192945353986,0.8571428571428571,0.9285714285714286,1.5533209252707507,0.7195917148483997,0.5842708069666117,1.0,3.5395353055717043,0.9,0.8941250000000001,0.9,0,2400,1,False,,,0,,6.303026437759399
phase3c_final_highrep_v1,350ccb9c668fdd57,smaller_effects_harder_study,20,1,225501,0,1.03,86.0,True,False,0.22466511020506977,0.7454395866480296,0.8437306187036326,1.0,0.8,3.2912147550532156,0.6775764489370548,0.7326247139664437,1.064755348409331,0.75,0.75,2.278279548611168,0.9123607282071389,0.9285714285714286,0.7857142857142857,3.0018046960697733,1.356656485292982,1.014829858579373,1.0,9.015592584968507,0.85,0.7617499999999999,0.85,0,600,0,False,,,0,,5.86719274520874
phase3c_final_highrep_v1,350ccb9c668fdd57,smaller_effects_harder_study,20,2,225502,0,1.04,81.0,True,False,-0.012486389178399459,0.5739016601008509,0.7343359381081852,1.0,0.9,3.456204569625927,0.24235986479736282,0.34917909677874515,0.4535288088538795,1.0,0.75,2.3863144809122354,0.6662928475535341,1.0,0.8571428571428571,3.1505216871363007,1.369443861304614,1.1227936779564354,1.0,7.663130490723728,0.9,0.77,0.9,0,600,0,False,,,0,,7.616917371749878
phase3c_final_highrep_v1,350ccb9c668fdd57,smaller_effects_harder_study,20,3,225503,0,1.03,122.0,True,False,0.004289257734416285,0.5630445758417011,0.6583121705541682,1.0,0.9,3.329554777263863,0.22086592813739542,0.2826604882483088,0.35894588824374346,1.0,1.0,2.459864671958352,0.5885282941217357,1.0,0.9285714285714286,3.081071890033716,1.4022198891814128,1.1113748344440793,1.0,6.989456488732146,0.8,0.7665,0.75,0,600,0,False,,,0,,6.461325407028198
phase3c_final_highrep_v1,350ccb9c668fdd57,smaller_effects_harder_study,20,4,225504,0,1.03,110.0,True,False,0.45168709430717335,0.7627816352795616,0.9305430383134733,1.0,0.9,3.553736219866116,0.9682985549628325,0.9682985549628325,1.0582741897098031,0.75,0.75,2.593808119548065,0.9687576913597148,0.9285714285714286,0.8571428571428571,3.2794710483466725,1.5338485655211755,1.2308238349837106,0.9833333333333333,7.223821494945287,0.85,0.7868125,0.85,0,600,0,False,,,0,,6.136496067047119
phase3c_final_highrep_v1,350ccb9c668fdd57,smaller_effects_harder_study,20,5,225505,0,1.02,89.0,True,False,-0.30382879938044005,0.5821674647729077,0.7528370980311895,1.0,0.8,3.253504818753661,0.3090380037279187,0.3315326684051557,0.48769556874791214,1.0,0.75,2.3578924125298037,0.6875954392366004,1.0,0.7857142857142857,2.997615559832559,1.3077341897510886,0.9701619081433673,1.0,8.748215565122893,0.75,0.7561875,0.75,0,600,1,False,,,0,,5.602343797683716
phase3c_final_highrep_v1,350ccb9c668fdd57,smaller_effects_harder_study,20,6,225506,0,1.04,72.0,True,False,-0.12490473124595045,0.7903380729539419,0.9951660740804281,0.9,0.9,3.425262466559532,0.16677060660574294,0.6634421407611574,0.9066576358515894,1.0,0.75,2.4251118388028354,0.970701786801638,0.9285714285714286,0.8571428571428571,3.139505144343334,1.420186328009794,1.0643982648070247,1.0,8.252828568335223,0.7,0.7033750000000001,0.7,0,600,1,False,,,0,,5.179555177688599
phase3c_final_highrep_v1,350ccb9c668fdd57,smaller_effects_harder_study,20,7,225507,0,1.11,18.0,False,False,0.07357462231177629,0.4353064887990243,0.5450344120310886,1.0,0.9,3.34913726702735,0.48969389253866485,0.6295918951729178,0.9899641214662629,0.75,0.75,2.3691975149986826,0.7015666626579719,0.9285714285714286,0.8571428571428571,3.0691544807334448,1.1496288321344459,0.9462261710957769,1.0,8.274349617970042,0.9,0.834,0.9,0,600,0,False,,,0,,6.2874274253845215
phase3c_final_highrep_v1,350ccb9c668fdd57,smaller_effects_harder_study,20,8,225508,0,1.02,60.0,True,False,-0.21644901635879635,0.8654803681908654,1.0579482378413454,0.9,0.7,3.4563241235987627,-0.0011206303343042623,0.5739139232907102,0.6053404323256675,0.75,1.0,2.4798604830497673,0.9508752695561594,0.8571428571428571,0.7857142857142857,3.177334512013336,1.683195910457872,1.3771867816526853,1.0,8.992989735061078,0.8,0.7759375000000001,0.8,0,600,0,False,,,0,,5.215578556060791
phase3c_final_highrep_v1,350ccb9c668fdd57,smaller_effects_harder_study,20,9,225509,0,1.01,75.0,True,False,-0.19387190138284127,0.8275291830460884,0.9902178210523271,0.9,0.9,3.379982141591287,0.6659552685987251,0.7563830944439511,1.1699368526288487,0.75,1.0,2.3600277991548504,1.0447256060753318,0.8571428571428571,0.9285714285714286,3.0885666151808766,1.6687132006299144,1.3860505705960868,1.0,8.292760138901398,0.9,0.8067499999999999,0.85,0,600,0,False,,,0,,4.98330283164978
phase3c_final_highrep_v1,350ccb9c668fdd57,smaller_effects_harder_study,20,10,225510,0,1.04,58.0,True,False,-0.022395552734144487,1.0291166516819792,1.1964887228603365,0.8,0.8,3.5067198620487217,0.13620404784860696,0.8868186178081741,1.1782613649950484,0.75,1.0,2.511672939188883,1.1913093641715515,0.7857142857142857,0.8571428571428571,3.2224207412316246,1.5465884087071913,1.2193351886112,1.0,10.490462506121759,0.85,0.8105625,0.8,0,600,0,False,,,0,,5.252732753753662
phase3c_final_highrep_v1,350ccb9c668fdd57,smaller_effects_harder_study,20,11,225511,0,1.02,49.0,False,False,0.26846473338560706,0.8022248421243882,0.9122203870118366,0.9,0.9,3.4981635870825727,0.349930068963295,0.8571170213424479,1.1089342220122151,0.75,0.75,2.4377354727265312,0.9724931428256078,0.8571428571428571,0.8571428571428571,3.195184125837989,1.7298345964045947,1.3984531146232064,1.0,9.194964674552827,0.9,0.8654375000000002,0.9,0,600,0,False,,,0,,5.314094066619873
phase3c_final_highrep_v1,350ccb9c668fdd57,smaller_effects_harder_study,20,12,225512,0,1.02,77.0,True,False,0.26767599307871787,0.66747800081022,0.741687788761164,1.0,1.0,3.5008114818493725,0.6141636973549722,0.6141636973549722,0.9399757462390075,0.75,0.75,2.4393441169379217,0.8033512563027355,0.9285714285714286,0.9285714285714286,3.1975350918746726,1.0359086876900228,0.8190995724533342,1.0,8.070164911760143,0.8,0.7983125,0.8,0,600,1,False,,,0,,7.016931533813477
phase3c_final_highrep_v1,350ccb9c668fdd57,smaller_effects_harder_study,20,13,225513,0,1.02,66.0,True,False,-0.1078845551056028,0.9154662781319463,1.1539084493445972,0.9,0.7,3.349820433869732,0.1794899049690924,0.45522669164543855,0.48102434562281354,1.0,1.0,2.4039979374850358,1.0085557134202194,0.9285714285714286,0.7857142857142857,3.079585434902676,2.101947448990338,1.735707920620181,0.9666666666666667,7.658625111549617,0.9,0.7306250000000001,0.8,0,600,0,False,,,0,,6.476627349853516
phase3c_final_highrep_v1,350ccb9c668fdd57,smaller_effects_harder_study,20,14,225514,0,1.08,53.0,False,False,-0.3374750843128266,0.613757693092549,0.7107605653428238,1.0,0.8,3.4562356560533205,0.11406113852703856,0.2437793373160568,0.3051785693888317,1.0,1.0,2.556587376761636,0.6224572073255524,1.0,0.8571428571428571,3.199193290541411,3.964713142563805,3.834094417834358,0.65,8.593483504543379,0.8,0.7135,0.75,0,600,0,False,,,0,,6.014539003372192
phase3c_final_highrep_v1,350ccb9c668fdd57,smaller_effects_harder_study,20,15,225515,0,1.03,101.0,True,False,0.16085346318014807,0.5965515373478969,0.7668027898187656,0.9,0.7,3.345344906246948,1.0334757373202228,1.0334757373202228,1.1504365793567348,0.25,0.75,2.2482823319018372,0.8933837152416857,0.7142857142857143,0.7142857142857143,3.03189845643406,2.7236147057476576,2.282409624295751,0.65,6.523679983085445,0.75,0.7270000000000001,0.75,0,600,0,False,,,0,,6.057737588882446
phase3c_final_highrep_v1,350ccb9c668fdd57,smaller_effects_harder_study,20,16,225516,0,1.03,109.0,True,False,0.10019690111373225,0.5887090287501151,0.7012038799063853,1.0,0.8,3.3276844878904,-0.0012066191076237354,0.16874619855601172,0.20377558699078113,1.0,1.0,2.280262819179106,0.6025521181590515,1.0,0.8571428571428571,3.0284211539728862,1.5571412174694579,1.3591933897535118,1.0,7.2130833912791,0.9,0.834,0.9,0,600,0,False,,,0,,6.083569765090942
phase3c_final_highrep_v1,350ccb9c668fdd57,smaller_effects_harder_study,20,17,225517,0,1.02,113.0,True,False,-0.37448632231037815,0.6972812875114989,0.9532551446792976,0.9,0.9,3.324956452172356,-0.051420445002640564,0.4418079576921875,0.46883905998348435,1.0,1.0,2.378097815124566,0.8437244796242209,0.9285714285714286,0.9285714285714286,3.054425413015845,1.5990335649553045,1.2134651693342968,0.9833333333333333,6.587226891986549,0.85,0.776125,0.75,0,600,0,False,,,0,,7.16743803024292
phase3c_final_highrep_v1,350ccb9c668fdd57,smaller_effects_harder_study,20,18,225518,0,1.06,45.0,False,False,-0.11923455307993032,0.8309535823737424,0.9885855688688537,1.0,0.7,3.560373654741297,0.0012382106835601148,0.3194839035978291,0.3852006689359462,1.0,1.0,2.5056969237686517,0.8605036934905522,1.0,0.7857142857142857,3.2590374458919698,1.8430567958843083,1.5229113856618786,0.9833333333333333,7.8541315111965035,0.8,0.7403750000000001,0.8,0,600,1,False,,,0,,5.680660009384155
phase3c_final_highrep_v1,350ccb9c668fdd57,smaller_effects_harder_study,20,19,225519,0,1.02,119.0,True,False,0.15313297435727585,1.0065935641792771,1.2619364830321669,0.7,0.7,3.234514624464397,0.29439621775431735,0.5447597485222286,0.6535935794573325,1.0,0.75,2.3350202966959817,1.1222927788526529,0.7857142857142857,0.7142857142857143,2.977516245101993,1.6719749610994497,1.3327359201304791,0.9833333333333333,7.042107853589617,0.75,0.7434375000000001,0.75,0,600,0,False,,,0,,5.085758209228516
phase3c_final_highrep_v1,350ccb9c668fdd57,smaller_effects_harder_study,20,20,225520,0,1.02,92.0,True,False,0.1635608351226045,0.5887758107018215,0.7797346556822161,0.9,0.9,3.514034526102378,0.4109602906021421,0.7031755956843903,1.0619453533889565,0.75,0.75,2.5581868903723,0.869760766247832,0.8571428571428571,0.8571428571428571,3.24093520160807,1.7629986191003646,1.6024643273520927,1.0,7.5908040334968225,0.9,0.8013124999999999,0.9,0,600,0,False,,,0,,4.992288589477539
phase3c_final_highrep_v1,350ccb9c668fdd57,smaller_effects_harder_study,30,1,235501,0,1.07,35.0,False,False,0.03183885463002223,0.34027826017486595,0.47476132145400074,1.0,0.9,2.9657631595801233,0.2091429130938378,0.2607886624184076,0.3345803978503051,1.0,1.0,2.097784417759423,0.4392980841223681,1.0,0.9285714285714286,2.717769233345637,1.905540668417617,1.6753183539814713,0.8833333333333333,5.91862655468253,0.8,0.7785624999999998,0.8,0,900,0,False,,,0,,5.1283628940582275
phase3c_final_highrep_v1,350ccb9c668fdd57,smaller_effects_harder_study,30,2,235502,0,1.14,11.0,False,False,0.2889935452944564,0.9660059931973859,1.0513708861661215,0.8,0.8,2.7905434154128654,0.3491845197065401,0.8800405184187788,1.1867422670474832,0.75,0.75,1.9178974574549865,1.0917625407819544,0.7857142857142857,0.7857142857142857,2.541215998853471,1.9970726330140032,1.4377458657917812,0.9333333333333333,7.586671354655796,0.85,0.8380625,0.85,0,900,2,False,,,0,,5.283426284790039
phase3c_final_highrep_v1,350ccb9c668fdd57,smaller_effects_harder_study,30,3,235503,0,1.07,56.0,False,False,0.2886399835025055,0.48711320927109647,0.6176128397188362,1.0,0.9,2.786088474200245,0.6837901695836786,0.6837901695836786,0.8468171697257791,0.75,0.75,2.0706341723806165,0.6909027982918521,0.9285714285714286,0.8571428571428571,2.5816729593946364,1.9954439802969783,1.6073939194546656,0.8666666666666667,5.91925659070036,0.9,0.7843749999999999,0.85,0,900,0,False,,,0,,7.978184938430786
phase3c_final_highrep_v1,350ccb9c668fdd57,smaller_effects_harder_study,30,4,235504,0,1.08,18.0,False,False,0.03413043155653288,0.8106008257111503,0.9049305999311252,0.8,0.6,2.6631689113200463,0.016268103612177648,0.2511509009065733,0.2854033510595651,1.0,1.0,1.955540382232444,0.779872434536626,0.8571428571428571,0.7142857142857143,2.4609893315807314,1.535828997246339,1.2618215707815177,0.9833333333333333,7.0156654141031085,0.85,0.8181875,0.85,0,900,0,False,,,0,,5.902765989303589
phase3c_final_highrep_v1,350ccb9c668fdd57,smaller_effects_harder_study,30,5,235505,0,1.02,57.0,True,False,-0.0630127329870267,0.8364808034137485,0.9420064871297709,0.8,0.9,2.745733396473707,0.031220296995110114,0.34239890255464567,0.3810932338764073,1.0,1.0,1.8735861442004322,0.8217877041448471,0.8571428571428571,0.9285714285714286,2.4965484672527714,1.5557624980952756,1.2815638412603805,0.9666666666666667,6.342146653482036,0.85,0.821375,0.85,0,900,0,False,,,0,,5.909130334854126
phase3c_final_highrep_v1,350ccb9c668fdd57,smaller_effects_harder_study,30,6,235506,0,1.16,16.0,False,False,-0.45813413398758424,0.57332147978123,0.7125892319209776,0.9,0.9,2.7079175536995033,0.04151034337042708,0.6969993862424844,0.7660738227357095,1.0,0.75,1.9608654942413088,0.7282714634187339,0.9285714285714286,0.8571428571428571,2.494474108140019,1.3265473656458082,1.0720004405870525,1.0,7.040976439225691,0.8,0.7269375,0.8,0,900,6,False,,,0,,6.270766735076904
phase3c_final_highrep_v1,350ccb9c668fdd57,smaller_effects_harder_study,30,7,235507,0,1.06,61.0,False,False,-0.02979807899183211,0.6410137508471595,0.747158087518208,1.0,0.9,2.8486403749313376,0.17202243263822042,0.26812299215830376,0.4051039351643735,1.0,1.0,2.074749891135484,0.6675589257340779,1.0,0.9285714285714286,2.627528808132522,0.8989354982229699,0.665611779204722,1.0,6.5765869196339315,0.75,0.7803125000000001,0.75,0,900,0,False,,,0,,6.952310085296631
phase3c_final_highrep_v1,350ccb9c668fdd57,smaller_effects_harder_study,30,8,235508,0,1.02,47.0,False,False,-0.007068976091416035,0.6403630428725763,0.7561535224423946,1.0,0.9,2.8738628341448256,0.20180799340094563,0.3656907315757694,0.5321324787365409,1.0,0.75,2.092527158664298,0.6995070404386624,1.0,0.8571428571428571,2.6506240697218177,0.9845775166454036,0.7059443738283397,1.0,7.581893738353583,0.85,0.8550625000000001,0.85,0,900,2,False,,,0,,8.109209537506104
phase3c_final_highrep_v1,350ccb9c668fdd57,smaller_effects_harder_study,30,9,235509,0,1.1,34.0,False,False,-0.05779197342700941,0.7110999595152006,0.7844255830067475,1.0,0.9,2.694942228990379,0.391821106692397,0.4404572784933366,0.5408010169116325,1.0,1.0,1.9345248695557493,0.7232416071472627,1.0,0.9285714285714286,2.477680126294771,1.3225280018630123,1.0638560639131367,1.0,7.482039558928091,0.8,0.79525,0.8,0,900,8,False,,,0,,6.407992362976074
phase3c_final_highrep_v1,350ccb9c668fdd57,smaller_effects_harder_study,30,10,235510,0,1.04,72.0,True,False,-0.0543706231241474,0.49896330092645585,0.5930528661951436,1.0,0.9,2.784007672435361,0.40466486818650654,0.40466486818650654,0.49003864171619604,1.0,1.0,1.9911571665943353,0.5655382077861107,1.0,0.9285714285714286,2.5574789564807823,1.472617608618551,1.213105234289724,1.0,6.278761337413323,0.85,0.8446875,0.85,0,900,2,False,,,0,,6.248402118682861
phase3c_final_highrep_v1,350ccb9c668fdd57,smaller_effects_harder_study,30,11,235511,0,1.02,78.0,True,False,0.0903848466724855,0.5125091237971022,0.6211229500788643,1.0,0.8,2.929615693898299,0.507365080686597,0.507365080686597,0.6698417146347694,1.0,0.75,2.157234777087337,0.6354238676329202,1.0,0.7857142857142857,2.70893543195231,1.4331064388425938,1.1747543647150858,1.0,6.331520015935134,0.85,0.8146875,0.8,0,900,2,False,,,0,,5.960878610610962
phase3c_final_highrep_v1,350ccb9c668fdd57,smaller_effects_harder_study,30,12,235512,0,1.03,79.0,True,False,-0.02306644492863009,0.442511756085031,0.5386685014298536,1.0,0.9,2.8585332711496543,0.0581761763168597,0.2169134870838542,0.22782632221904076,1.0,1.0,2.0675923320990224,0.4712640203833469,1.0,0.9285714285714286,2.6325501457066163,3.2739766150020397,3.1633161048317096,0.5333333333333333,6.7507719701640925,0.8,0.8113125,0.8,0,900,0,False,,,0,,5.8401405811309814
phase3c_final_highrep_v1,350ccb9c668fdd57,smaller_effects_harder_study,30,13,235513,0,1.03,60.0,True,False,0.19674513112201839,0.29934021122994314,0.3648269797003084,1.0,0.9,2.895853475422274,0.2327513987505337,0.4057592516221414,0.439708652470887,1.0,1.0,2.067280447001098,0.38770036731287605,1.0,0.9285714285714286,2.6591183244447945,1.5662772467536386,1.4091149627813733,1.0,6.901716826008648,0.9,0.8420625000000002,0.9,0,900,3,False,,,0,,5.456709146499634
phase3c_final_highrep_v1,350ccb9c668fdd57,smaller_effects_harder_study,30,14,235514,0,1.03,57.0,True,False,0.027361366632833607,0.41296819351560377,0.4685257389048759,1.0,0.8,2.842807132152846,-0.028698921259793453,0.40532387257463176,0.4686474651782574,1.0,1.0,2.060585918501813,0.4685605210669637,1.0,0.8571428571428571,2.619315356823979,1.171416220894679,0.8980946963085412,1.0,6.832008813345975,0.8,0.788375,0.8,0,900,1,False,,,0,,7.062490940093994
phase3c_final_highrep_v1,350ccb9c668fdd57,smaller_effects_harder_study,30,15,235515,0,1.05,42.0,False,False,-0.11910989507569858,0.7217691531007581,0.8354885150520363,1.0,0.8,2.950231738359406,0.09225073672261669,0.5489266795558876,0.7046109939195173,1.0,0.75,2.135967513881003,0.800281968114434,1.0,0.7857142857142857,2.717584817079863,1.578118202275144,1.3455922389734314,1.0,7.0574309478199115,0.95,0.8243124999999999,0.95,0,900,2,False,,,0,,5.648736476898193
phase3c_final_highrep_v1,350ccb9c668fdd57,smaller_effects_harder_study,30,16,235516,0,1.01,82.0,True,False,0.024131096600453494,0.5783591003441885,0.7583759213336878,0.9,0.9,2.9355121387110623,0.18552948713781026,0.7352277257249293,0.7684233581521315,0.75,0.75,2.1463996717645024,0.7612601493577416,0.8571428571428571,0.8571428571428571,2.710051433869188,1.4726061784785942,1.1986622085358747,0.9666666666666667,5.99560644351425,0.95,0.8153124999999999,0.95,0,900,2,False,,,0,,6.404226541519165
phase3c_final_highrep_v1,350ccb9c668fdd57,smaller_effects_harder_study,30,17,235517,0,1.04,56.0,True,False,-0.024531148963884242,0.8197334474077943,0.9231871678876817,0.9,0.7,2.786532309838026,-0.03190612852061514,0.2768105072100443,0.2828711166319317,1.0,1.0,2.057782651483962,0.7947510726197394,0.9285714285714286,0.7857142857142857,2.578318121736865,1.8744976160117144,1.5614862183020253,0.9166666666666666,6.500224387169236,0.85,0.7685,0.85,0,900,0,False,,,0,,9.290243148803711
phase3c_final_highrep_v1,350ccb9c668fdd57,smaller_effects_harder_study,30,18,235518,0,1.03,57.0,True,False,0.021501493206810773,0.529992712681125,0.6935923231034501,1.0,0.9,2.732263049126204,0.37552586147987815,0.37552586147987815,0.5059448676529297,1.0,0.75,1.8958956163671947,0.6455686277061581,1.0,0.8571428571428571,2.4933009254807734,0.8810245289661098,0.6932188230479632,1.0,6.636106086319154,0.9,0.81775,0.9,0,900,1,False,,,0,,6.281348466873169
phase3c_final_highrep_v1,350ccb9c668fdd57,smaller_effects_harder_study,30,19,235519,0,1.05,50.0,True,False,-0.20004608994389525,0.4112129340091478,0.44046605482462714,1.0,1.0,2.7849968016960793,0.30544138088561273,0.5700630173046113,0.8265375364658968,0.75,0.75,2.068092792126699,0.5777271137382232,0.9285714285714286,0.9285714285714286,2.580167084676257,0.8482024529211457,0.6554406863773798,1.0,5.8033613395659485,0.9,0.8559999999999999,0.9,0,900,0,False,,,0,,6.227134466171265
phase3c_final_highrep_v1,350ccb9c668fdd57,smaller_effects_harder_study,30,20,235520,0,1.06,35.0,False,False,-0.047996837953770834,0.9984560741652935,1.1705188492946865,0.7,0.7,2.7902921294101932,0.31550477489180306,0.5263955145949908,0.855536749069717,0.75,0.75,1.9859929174242408,1.0898530792718508,0.7142857142857143,0.7142857142857143,2.5604923545570637,1.3833163026883044,0.9463197558310902,0.9666666666666667,6.076644116070757,0.85,0.79775,0.85,0,900,0,False,,,0,,7.8791587352752686
phase3c_final_highrep_v1,350ccb9c668fdd57,smaller_effects_harder_study,40,1,245501,0,1.04,62.0,True,False,0.3048723103404679,0.7035037844759088,0.8405026692724933,0.9,0.7,2.5268510466772396,0.48781131177416276,0.7273462347208939,0.9726690304195241,0.75,0.75,1.8326385457433632,0.880291653840236,0.8571428571428571,0.7142857142857143,2.32850461783899,1.4444670854259516,1.0734072405746184,0.9833333333333333,5.334204609635252,1.0,0.9245624999999998,1.0,0,1200,0,False,,,0,,6.519676923751831
phase3c_final_highrep_v1,350ccb9c668fdd57,smaller_effects_harder_study,40,2,245502,0,1.06,43.0,False,False,-0.1694995086283464,0.7091051487957434,0.8987109697922568,0.8,0.8,2.452709590606854,0.32484358769531646,0.5940686023046602,0.8710135063909629,0.75,0.75,1.802081113478525,0.890885281436044,0.7857142857142857,0.7857142857142857,2.2668157399987603,1.3294554347550487,0.9875680559567654,0.95,5.819016342832351,0.85,0.79325,0.85,0,1200,0,False,,,0,,5.8071067333221436
phase3c_final_highrep_v1,350ccb9c668fdd57,smaller_effects_harder_study,40,3,245503,0,1.14,12.0,False,False,0.09305413731056991,0.4303669409230035,0.5600896573366687,1.0,0.8,2.484414275662516,0.10687076381992006,0.16379478380991325,0.17580850759542552,1.0,1.0,1.8751152224602192,0.4826000094670824,1.0,0.8571428571428571,2.310328831890431,1.1098165620944644,0.8582402232401648,0.9833333333333333,5.990079937863176,0.8,0.8016874999999999,0.8,0,1200,0,False,,,0,,5.75297474861145
phase3c_final_highrep_v1,350ccb9c668fdd57,smaller_effects_harder_study,40,4,245504,0,1.02,78.0,True,False,-0.18894700634244413,0.7375174192299827,0.9326212624546782,0.7,0.9,2.460547535983257,0.37361774527382496,0.45976862052769607,0.6334227386872167,0.75,0.75,1.797614100661716,0.8578512048538836,0.7142857142857143,0.8571428571428571,2.271137983034245,1.2386263815813223,0.9804227762900596,0.9666666666666667,5.297585826078722,0.85,0.8116875,0.85,0,1200,1,False,,,0,,5.606963634490967
phase3c_final_highrep_v1,350ccb9c668fdd57,smaller_effects_harder_study,40,5,245505,0,1.04,45.0,False,False,-0.025164993104199097,0.46348291317748896,0.5013428826257771,1.0,1.0,2.4899449787142234,0.1909264786607789,0.5589444593875539,0.7561840720436722,0.75,0.75,1.6648701090114484,0.5855829978287471,0.9285714285714286,0.9285714285714286,2.254209301656288,1.7673801501829611,1.5774641017516013,0.9666666666666667,6.009816194072601,0.85,0.8240000000000001,0.85,0,1200,1,False,,,0,,5.840235710144043
phase3c_final_highrep_v1,350ccb9c668fdd57,smaller_effects_harder_study,40,6,245506,0,1.06,56.0,False,False,-0.039691508599790364,0.4623276097781958,0.5117365786205607,1.0,1.0,2.418329560631224,0.5439036426463857,0.5887299237650403,0.7426871928823704,0.75,0.75,1.7632488621848816,0.5870677938990372,0.9285714285714286,0.9285714285714286,2.2311636467894123,2.6429513593324128,2.490279995090128,0.65,5.79977727800376,0.95,0.8906875000000001,0.95,0,1200,0,False,,,0,,7.886626482009888
phase3c_final_highrep_v1,350ccb9c668fdd57,smaller_effects_harder_study,40,7,245507,0,1.04,41.0,False,False,-0.17396591564944258,0.4441175672983674,0.521392669596811,1.0,0.9,2.4398067233399656,0.3011263875543374,0.3011263875543374,0.4033004364907161,1.0,1.0,1.756899330243813,0.4905614951539352,1.0,0.9285714285714286,2.2446903253124932,1.3384967226710451,1.1936314168298112,1.0,5.863885309162443,0.8,0.7721875,0.8,0,1200,0,False,,,0,,6.222760200500488
phase3c_final_highrep_v1,350ccb9c668fdd57,smaller_effects_harder_study,40,8,245508,0,1.03,67.0,True,False,0.24176964211437824,0.4929150957841051,0.6129325848853332,1.0,0.8,2.410462626528154,0.3595857997441934,0.538468860552217,0.7655206436298667,0.75,0.75,1.7292812199814642,0.6601380244981295,0.9285714285714286,0.7857142857142857,2.2158393675148145,3.0308624896872907,2.881288283840695,0.36666666666666664,5.212204522970191,0.9,0.8485624999999999,0.85,0,1200,0,False,,,0,,6.412008762359619
phase3c_final_highrep_v1,350ccb9c668fdd57,smaller_effects_harder_study,40,9,245509,0,1.03,68.0,True,False,-0.2594943821579637,0.3233706421176922,0.44395019455078577,1.0,1.0,2.4353448536205287,-0.023007947929043093,0.5402546691256482,0.6404346075773804,1.0,0.75,1.7371006759246088,0.5079049193042208,1.0,0.9285714285714286,2.23584651713598,0.8825297957200121,0.7018465590709219,1.0,5.261422341352816,0.8,0.7779375,0.8,0,1200,3,False,,,0,,6.387881517410278
phase3c_final_highrep_v1,350ccb9c668fdd57,smaller_effects_harder_study,40,10,245510,0,1.05,29.0,False,False,-0.05519190929555987,0.6179288923321404,0.7719210635458138,0.9,0.9,2.4506216095574547,0.15316287839927648,0.42216130167594834,0.5971864689997883,1.0,1.0,1.834419103540894,0.7262992298771878,0.9285714285714286,0.9285714285714286,2.2745637506955805,1.2201441795274621,0.9539967684312018,1.0,6.694464017058912,0.8,0.810375,0.8,0,1200,1,False,,,0,,5.8968658447265625
phase3c_final_highrep_v1,350ccb9c668fdd57,smaller_effects_harder_study,40,11,245511,0,1.08,36.0,False,False,0.18241605481494613,0.6222199736216159,0.6825390760869013,1.0,0.9,2.5389602031376426,0.4910029685999051,0.635269274552344,0.702855264507667,1.0,0.75,1.805049546215027,0.6884048847693474,1.0,0.8571428571428571,2.329271444016895,1.9514991994011222,1.7636534338549612,0.8333333333333334,5.684184236828372,1.0,0.885125,1.0,0,1200,2,False,,,0,,5.870039701461792
phase3c_final_highrep_v1,350ccb9c668fdd57,smaller_effects_harder_study,40,12,245512,0,1.04,35.0,False,False,0.09695755257261153,0.15942254087559485,0.2042978367198786,1.0,1.0,2.4956595532229557,0.2622232391056158,0.5361676419511738,0.7295410384795249,0.75,0.75,1.7734858114643068,0.4264719525350957,0.9285714285714286,0.9285714285714286,2.28932419843477,1.003683344580054,0.7783365181529868,1.0,5.844477928953448,0.95,0.8804375,0.95,0,1200,2,False,,,0,,7.049314498901367
phase3c_final_highrep_v1,350ccb9c668fdd57,smaller_effects_harder_study,40,13,245513,0,1.04,38.0,False,False,0.014876822982625127,0.36200730570715933,0.42249339903726846,1.0,1.0,2.432665174300342,0.2462182978369774,0.6821862134449355,0.9753160884141937,0.75,0.75,1.771451198719104,0.6318890392861086,0.9285714285714286,0.9285714285714286,2.2437468955628455,1.1050862858621662,0.9302867297203371,1.0,6.141476802543031,0.95,0.9023125000000001,0.95,0,1200,0,False,,,0,,5.331105470657349
phase3c_final_highrep_v1,350ccb9c668fdd57,smaller_effects_harder_study,40,14,245514,0,1.07,42.0,False,False,-0.23340044091382844,0.6349483408457883,0.6908554255124892,1.0,1.0,2.476254367731965,0.22457922145644144,0.7721288095038308,1.051639220944299,0.75,0.75,1.7804213822307169,0.8104933415481214,0.9285714285714286,0.9285714285714286,2.277444943303037,2.6478031376470876,2.4738519783887787,0.4166666666666667,4.931914735421367,0.95,0.8698750000000001,0.95,0,1200,3,False,,,0,,5.747799873352051
phase3c_final_highrep_v1,350ccb9c668fdd57,smaller_effects_harder_study,40,15,245515,0,1.05,52.0,True,False,-0.12823608192323718,0.5010879456819322,0.5875857220113205,1.0,0.9,2.4978695387713055,-0.002532569626643638,0.4438066916835892,0.548342568535474,0.75,1.0,1.769308478033422,0.5766459731553527,0.9285714285714286,0.9285714285714286,2.2897092357033384,1.5071589837919748,1.218389828593063,0.9666666666666667,5.536930878975607,0.9,0.8468125000000001,0.9,0,1200,0,False,,,0,,6.611572027206421
phase3c_final_highrep_v1,350ccb9c668fdd57,smaller_effects_harder_study,40,16,245516,0,1.04,74.0,True,False,-0.08362563560003375,0.39800938677316133,0.5838579400125326,0.9,1.0,2.316243005472466,0.3365551239511662,0.6302432774748419,0.7888188526878759,0.25,0.75,1.7503364608950829,0.6490565499564981,0.7142857142857143,0.9285714285714286,2.1545554213074998,1.7649623000545507,1.5142547403498081,0.7666666666666667,4.68876155462885,0.9,0.8706875000000001,0.9,0,1200,0,False,,,0,,6.874555826187134
phase3c_final_highrep_v1,350ccb9c668fdd57,smaller_effects_harder_study,40,17,245517,0,1.09,20.0,False,False,-0.04647644910401364,0.40246336750284384,0.5411832701289284,1.0,1.0,2.374872714213259,0.1150415667792537,0.5623455429125388,0.7029664595744656,1.0,0.75,1.7304070479399922,0.5919363317489138,1.0,0.9285714285714286,2.1907396667066115,1.0920189962595757,0.8463688610831072,1.0,4.9590399074647245,0.9,0.8400000000000001,0.9,0,1200,0,False,,,0,,6.72709059715271
phase3c_final_highrep_v1,350ccb9c668fdd57,smaller_effects_harder_study,40,18,245518,0,1.02,79.0,True,False,-0.06215530215123201,0.6519922674091323,0.7731827503598949,0.9,1.0,2.4540332214516627,0.16123857467051794,0.9275410250504924,1.1440506817353355,0.5,0.75,1.7502141953956831,0.8949670187082418,0.7857142857142857,0.9285714285714286,2.2529420711499544,1.2833708765419456,0.8705792139921619,0.9833333333333333,5.250351586196896,0.9,0.8919999999999998,0.9,0,1200,0,False,,,0,,6.477794408798218
phase3c_final_highrep_v1,350ccb9c668fdd57,smaller_effects_harder_study,40,19,245519,0,1.03,31.0,False,False,-0.042129437584562876,0.3175889734241709,0.3842094461454989,1.0,1.0,2.420092668167624,0.3713194690032218,0.3713194690032218,0.48362934121986,1.0,0.75,1.7041687981852034,0.4150523498676603,1.0,0.9285714285714286,2.2155429910297895,0.74208607474376,0.6077563134560903,1.0,6.248071431329409,0.85,0.8230000000000001,0.85,0,1200,0,False,,,0,,7.602203369140625
phase3c_final_highrep_v1,350ccb9c668fdd57,smaller_effects_harder_study,40,20,245520,0,1.07,26.0,False,False,0.04839290750264678,0.3918439639659582,0.4756868593460844,1.0,1.0,2.468605806259966,0.3614495656267248,0.5325150026401545,0.6597813659338315,1.0,0.75,1.7798808615555315,0.5347913935678542,1.0,0.9285714285714286,2.2718272506301274,1.728810741575823,1.4552758655909699,0.8666666666666667,5.636955705066184,0.9,0.851625,0.9,0,1200,2,False,,,0,,5.848829030990601
phase3c_final_highrep_v1,350ccb9c668fdd57,smaller_effects_harder_study,50,1,255501,0,1.05,38.0,False,False,-0.09875734685930321,0.46933676186815304,0.558464994309827,1.0,0.9,2.299534967828894,0.06405827023182947,0.3321255523538979,0.38247070265778343,1.0,1.0,1.6904261053314302,0.5143627716658535,1.0,0.9285714285714286,2.12550386425819,2.4127000399934997,2.281922466422625,0.55,4.939450628878977,0.8,0.778875,0.8,0,1500,1,False,,,0,,5.497205018997192
phase3c_final_highrep_v1,350ccb9c668fdd57,smaller_effects_harder_study,50,2,255502,0,1.04,62.0,True,False,0.11354138218540903,0.5799990075955173,0.7049938409337888,0.9,0.8,2.2746369391364123,0.2991317509438114,0.6002653105707686,0.8610640556190557,0.75,0.75,1.650861095165515,0.7528938641317963,0.8571428571428571,0.7857142857142857,2.0964152694304414,1.4290210756571133,1.0975259592656605,0.85,4.978927483623124,0.75,0.7551875,0.75,0,1500,1,False,,,0,,5.6481006145477295
phase3c_final_highrep_v1,350ccb9c668fdd57,smaller_effects_harder_study,50,3,255503,0,1.03,51.0,True,False,0.005398705848081703,0.3455253829882682,0.4107350509161457,1.0,1.0,2.147521344752543,0.14207692755758328,0.5860447757525287,0.700491871306099,0.75,0.75,1.5224976175494045,0.5105870757957081,0.9285714285714286,0.9285714285714286,1.9689431369802175,1.5869902934172873,1.4188455668809536,0.85,4.490561238802229,0.9,0.8303125000000001,0.9,0,1500,1,False,,,0,,6.174527168273926
phase3c_final_highrep_v1,350ccb9c668fdd57,smaller_effects_harder_study,50,4,255504,0,1.06,42.0,False,False,0.008272763790364296,0.3208446111442599,0.4633974940698382,0.9,0.9,2.2250889848118187,0.35057898829303774,0.43423167000427404,0.552229565617573,1.0,0.75,1.6310792696343384,0.49042272929081665,0.9285714285714286,0.8571428571428571,2.0553719233325385,0.848183990732613,0.6224511279839658,0.9833333333333333,4.68884285984129,0.8,0.8044374999999999,0.8,0,1500,1,False,,,0,,6.377553701400757
phase3c_final_highrep_v1,350ccb9c668fdd57,smaller_effects_harder_study,50,5,255505,0,1.04,67.0,True,False,0.12061404669743134,0.7008071929665408,0.808419323468819,0.8,0.9,2.1474848605789623,0.05967257140229959,0.2854154939437759,0.3595908229551581,1.0,1.0,1.5526927204797447,0.7097605363477028,0.8571428571428571,0.9285714285714286,1.9775442491220434,1.4109417487013618,1.1508870283527657,0.9,4.402559788202101,0.75,0.7911875,0.75,0,1500,0,False,,,0,,8.93351125717163
phase3c_final_highrep_v1,350ccb9c668fdd57,smaller_effects_harder_study,50,6,255506,0,1.05,37.0,False,False,0.03855859212548743,0.3740266941574675,0.4869990834487251,1.0,0.9,2.171940296306882,0.291171771541173,0.7416140258142921,1.021434012746114,0.75,0.75,1.5304517416641208,0.6837392382217851,0.9285714285714286,0.8571428571428571,1.988657852123236,1.0589626210869056,0.8605562619648688,1.0,4.748141034780711,0.85,0.837125,0.85,0,1500,1,False,,,0,,6.721020221710205
phase3c_final_highrep_v1,350ccb9c668fdd57,smaller_effects_harder_study,50,7,255507,0,1.06,40.0,False,False,0.04068628192784649,0.4618062256143555,0.5038404954949462,1.0,1.0,2.188693032512137,0.30039973435652756,0.5827157445738617,0.9010491306253378,0.75,0.75,1.556259586703864,0.6428791595075922,0.9285714285714286,0.9285714285714286,2.0079977622812017,1.723069684257167,1.5797152075360057,0.8833333333333333,4.820962043954638,0.9,0.882375,0.9,0,1500,1,False,,,0,,6.661703109741211
phase3c_final_highrep_v1,350ccb9c668fdd57,smaller_effects_harder_study,50,8,255508,0,1.08,33.0,False,False,0.05024335977824703,0.393669677802986,0.466027972985843,1.0,1.0,2.166531795508098,0.22533264402425499,0.6136711261164692,0.8978603395646758,0.75,0.75,1.5210478734106063,0.6208538747739575,0.9285714285714286,0.9285714285714286,1.9821078177659575,0.853781428553948,0.6653228197700247,1.0,4.735353091861878,0.9,0.882,0.9,0,1500,2,False,,,0,,6.269455432891846
phase3c_final_highrep_v1,350ccb9c668fdd57,smaller_effects_harder_study,50,9,255509,0,1.12,15.0,False,False,-0.35246200952624135,0.3610072149746424,0.49207781578316245,1.0,0.9,2.2094144269783285,-0.008110078007706134,0.150484106475529,0.19817131308569563,1.0,1.0,1.5467030397921095,0.4291597475782278,1.0,0.9285714285714286,2.020068316353694,2.3714975586028815,2.18319538284604,0.75,6.05994086730399,0.9,0.8251875,0.9,0,1500,1,False,,,0,,6.042166709899902
phase3c_final_highrep_v1,350ccb9c668fdd57,smaller_effects_harder_study,50,10,255510,0,1.09,21.0,False,False,0.10788838420610454,0.3864796773388521,0.5039217090808606,0.9,1.0,2.2784796398550764,0.2539961570485357,0.8125404918914856,1.144885482601921,0.75,0.75,1.5983224073864515,0.7455784888221403,0.8571428571428571,0.9285714285714286,2.084149002006898,0.9972714101425721,0.8623100974495512,1.0,4.838530600000467,0.85,0.8310625,0.85,0,1500,3,False,,,0,,5.842288255691528
phase3c_final_highrep_v1,350ccb9c668fdd57,smaller_effects_harder_study,50,11,255511,0,1.05,31.0,False,False,-0.012737265475799387,0.365029659956339,0.3786406079507137,1.0,1.0,2.1261408060066485,0.24392954293069216,0.47555965516622245,0.5105338346694753,1.0,0.75,1.5299407871916204,0.420566478969746,1.0,0.9285714285714286,1.955797943488069,0.7165753579757163,0.5890102625773336,1.0,5.022170396489559,0.85,0.8550625000000001,0.85,0,1500,2,False,,,0,,5.587147951126099
phase3c_final_highrep_v1,350ccb9c668fdd57,smaller_effects_harder_study,50,12,255512,0,1.02,66.0,True,False,-0.21457514332946234,0.5112166859653731,0.6801604972128068,0.8,0.9,2.2466874451691186,0.06283542091181246,0.3590575948956002,0.4666564089390267,1.0,0.75,1.5711841476758663,0.6266267877466276,0.8571428571428571,0.8571428571428571,2.0536865030281892,1.4432074568125943,1.2492236515057422,0.8833333333333333,4.644494078486528,0.95,0.8181875,0.95,0,1500,1,False,,,0,,8.22332501411438
phase3c_final_highrep_v1,350ccb9c668fdd57,smaller_effects_harder_study,50,13,255513,0,1.04,37.0,False,False,-0.0009329092960067454,0.3735343243783517,0.45296864580522145,1.0,1.0,2.185300750036661,-0.024610666849987528,0.5625100172172184,0.6591327932012947,0.75,0.75,1.6344437537239416,0.5202767187564384,0.9285714285714286,0.9285714285714286,2.0279130368044553,2.386194192865618,2.1939583931826636,0.6833333333333333,5.3062055604808105,0.85,0.8369375,0.85,0,1500,1,False,,,0,,6.095217943191528
phase3c_final_highrep_v1,350ccb9c668fdd57,smaller_effects_harder_study,50,14,255514,0,1.06,27.0,False,False,0.24539699714984411,0.4829686506409717,0.7145096962793747,0.8,1.0,2.1167293805146876,0.5128890041417493,0.5995086906007436,1.0773222955094013,0.75,0.75,1.5762293838189958,0.8344259949372822,0.7857142857142857,0.9285714285714286,1.9623008100302042,1.0849010676783133,0.8418368311755997,0.9833333333333333,5.116432725353844,0.9,0.8680625000000001,0.9,0,1500,4,False,,,0,,6.628238677978516
phase3c_final_highrep_v1,350ccb9c668fdd57,smaller_effects_harder_study,50,15,255515,0,1.09,26.0,False,False,0.023730414713973035,0.43439340845352203,0.50719763432071,1.0,1.0,2.212335131825918,0.3537388851062243,0.7081663689465492,1.0660667755443634,0.75,0.75,1.5512790543379442,0.713066210223921,0.9285714285714286,0.9285714285714286,2.0234619668293545,0.8638036342026715,0.6825134828106535,1.0,4.970577073649861,0.95,0.8874375000000001,0.95,0,1500,6,False,,,0,,6.565955400466919
phase3c_final_highrep_v1,350ccb9c668fdd57,smaller_effects_harder_study,50,16,255516,0,1.04,64.0,True,False,0.14707154864834152,0.6568235104354068,0.7788967533886466,0.8,1.0,2.245010882418729,0.26523398841743145,0.3984019412689715,0.6559375990945878,0.75,0.75,1.591697032570485,0.7458369249190387,0.7857142857142857,0.9285714285714286,2.058349782462088,1.027147923600939,0.8604129935981356,0.9833333333333333,4.908940250426391,0.8,0.8103124999999999,0.8,0,1500,0,False,,,0,,7.862069606781006
phase3c_final_highrep_v1,350ccb9c668fdd57,smaller_effects_harder_study,50,17,255517,0,1.04,57.0,True,False,-0.22069432007705975,0.49036196347654204,0.5583941557224209,0.9,0.9,2.2129132849068833,0.07546318840031982,0.18966135017532434,0.276722321276716,1.0,1.0,1.6345967285878007,0.49456628212582443,0.9285714285714286,0.9285714285714286,2.047679983101431,1.1570983379821032,0.9378741114384306,0.9833333333333333,4.605213501589006,0.95,0.8448125,0.95,0,1500,0,False,,,0,,7.39080023765564
phase3c_final_highrep_v1,350ccb9c668fdd57,smaller_effects_harder_study,50,18,255518,0,1.02,80.0,True,False,-0.10223512164564072,0.4277072425129923,0.546086517109905,1.0,1.0,2.2359797456077404,0.049788264868547066,0.48394255877741454,0.5673302568324428,1.0,0.75,1.617409674654156,0.5522395522495215,1.0,0.9285714285714286,2.059245439621002,0.9553526109057809,0.7918193680218282,1.0,4.965754892193086,0.95,0.856625,0.95,0,1500,2,False,,,0,,7.486356496810913
phase3c_final_highrep_v1,350ccb9c668fdd57,smaller_effects_harder_study,50,19,255519,0,1.05,49.0,False,False,0.1420248379545336,0.6888801230446422,0.8086765705522254,0.8,0.7,2.174696181738608,0.45071131539635645,0.45071131539635645,0.5602263921561109,0.75,0.75,1.5821572779179989,0.7461803879699644,0.7857142857142857,0.7142857142857143,2.005399352075577,1.449714621132371,1.181454512286389,0.9166666666666666,5.345209868218342,0.8,0.790125,0.8,0,1500,0,False,,,0,,6.911391973495483
phase3c_final_highrep_v1,350ccb9c668fdd57,smaller_effects_harder_study,50,20,255520,0,1.06,45.0,False,False,0.010516500667154505,0.5729124680676525,0.7059867585307616,0.8,1.0,2.1417374464958363,0.38692334941443723,0.5352071188922054,0.7776998378114023,0.75,0.75,1.5191216063196151,0.727198203632822,0.7857142857142857,0.9285714285714286,1.9638472064454875,1.1065450447471004,0.9037340840692504,0.9833333333333333,4.411230243082509,0.9,0.8690625000000001,0.9,0,1500,0,False,,,0,,8.930775165557861
phase3c_final_highrep_v1,350ccb9c668fdd57,smaller_effects_harder_study,60,1,265501,0,1.12,21.0,False,False,0.04111605061189387,0.4977235467753931,0.556246192017855,1.0,1.0,1.9850553960597868,0.4713687728721536,0.6258294685460124,0.8497110265147592,0.75,0.75,1.394340791222772,0.6536782506744161,0.9285714285714286,0.9285714285714286,1.8162797946777822,1.0037861470275449,0.7930233842028301,1.0,4.862257438991157,0.8,0.8195625,0.8,0,1800,2,False,,,0,,7.085466146469116
phase3c_final_highrep_v1,350ccb9c668fdd57,smaller_effects_harder_study,60,2,265502,0,1.06,37.0,False,False,0.03489822445475236,0.3953580441230453,0.48425902768498746,1.0,1.0,1.9956146000942419,0.29711753545264574,0.5909069450281934,0.8595464005664173,0.75,0.75,1.393118137304767,0.6153017911010841,0.9285714285714286,0.9285714285714286,1.8234727535829633,1.4692522530437777,1.3575890549018836,0.9666666666666667,4.802188291266409,0.85,0.8445625,0.85,0,1800,6,False,,,0,,7.653812408447266
phase3c_final_highrep_v1,350ccb9c668fdd57,smaller_effects_harder_study,60,3,265503,0,1.03,70.0,True,False,-0.06997412167754301,0.4363247811961557,0.5420605803998355,0.9,0.9,2.1188584729707025,0.06678164950329055,0.08885286026783798,0.13899046910189886,1.0,1.0,1.5845931344213493,0.4641097568955252,0.9285714285714286,0.9285714285714286,1.9662112333851733,2.040763477691003,1.927379111113899,0.5666666666666667,4.313230423573498,0.9,0.8576875000000002,0.9,0,1800,2,False,,,0,,7.134009838104248
phase3c_final_highrep_v1,350ccb9c668fdd57,smaller_effects_harder_study,60,4,265504,0,1.06,53.0,False,False,-0.09042213745878494,0.2865900107150571,0.3642388120653949,1.0,0.9,2.0398500436985785,0.2327133811276344,0.3084719402415165,0.3865652409354485,1.0,1.0,1.4939676799165889,0.3707550080719483,1.0,0.9285714285714286,1.8838836540465818,0.7786475278743534,0.623821038474328,1.0,4.897225488305775,0.95,0.8958125000000001,0.95,0,1800,3,False,,,0,,6.957268476486206
phase3c_final_highrep_v1,350ccb9c668fdd57,smaller_effects_harder_study,60,5,265505,0,1.04,80.0,True,False,-0.22987500210529493,0.4127017263742808,0.537067698341035,0.9,0.9,1.9800183596612833,0.11287164614878918,0.23458679023816242,0.25930029386525927,1.0,1.0,1.4336913665113098,0.4745948419146444,0.9285714285714286,0.9285714285714286,1.8239249330470049,1.814532406196164,1.5916027092362524,0.7666666666666667,4.061026595124144,0.85,0.822625,0.85,0,1800,0,False,,,0,,7.022984981536865
phase3c_final_highrep_v1,350ccb9c668fdd57,smaller_effects_harder_study,60,6,265506,0,1.04,32.0,False,False,0.08295078044975987,0.5015119555710683,0.6082079302636318,1.0,0.7,2.0845801166645317,0.14162431114855867,0.2235680612471883,0.2407411362523586,1.0,1.0,1.4999250066968517,0.5298917708289937,1.0,0.7857142857142857,1.9175357995309086,1.0476838655213716,0.8027728325118015,1.0,4.9607512891118155,0.75,0.790125,0.75,0,1800,1,False,,,0,,7.337918996810913
phase3c_final_highrep_v1,350ccb9c668fdd57,smaller_effects_harder_study,60,7,265507,0,1.08,24.0,False,False,0.005797278241008741,0.3975980299614918,0.4437788821412349,1.0,1.0,2.0078184987194727,0.38578543510402963,0.405795882830674,0.611221514720875,0.75,0.75,1.4668727889428417,0.49740497459859206,0.9285714285714286,0.9285714285714286,1.8532625816404356,1.0587781820377526,0.9086596250890285,0.9833333333333333,4.105580261474183,0.95,0.9034375000000001,0.95,0,1800,0,False,,,0,,9.005939960479736
phase3c_final_highrep_v1,350ccb9c668fdd57,smaller_effects_harder_study,60,8,265508,0,1.05,45.0,False,False,-0.20372461280133738,0.4160135637076851,0.464758112571708,1.0,0.9,2.0705253583912038,0.17161757795817134,0.24206825493647288,0.3288938651247913,1.0,1.0,1.5288248211177051,0.43033921255538654,1.0,0.9285714285714286,1.9157537763130617,1.4481523039519923,1.299400991637601,0.8166666666666667,4.076710477458925,0.95,0.8858124999999999,0.95,0,1800,1,False,,,0,,6.928293943405151
phase3c_final_highrep_v1,350ccb9c668fdd57,smaller_effects_harder_study,60,9,265509,0,1.02,71.0,True,False,0.05727814505266342,0.27466726836069494,0.3491103826964456,1.0,0.9,2.000607966630164,0.2462556477857091,0.388688556679357,0.5052544871386913,1.0,0.75,1.4507011787882234,0.3999918731459888,1.0,0.8571428571428571,1.843491741532467,1.6477480096758175,1.4736113411513365,0.8833333333333333,4.515096168803129,0.85,0.7938125000000001,0.8,0,1800,1,False,,,0,,6.432476282119751
phase3c_final_highrep_v1,350ccb9c668fdd57,smaller_effects_harder_study,60,10,265510,0,1.03,62.0,True,False,-0.10414326268675693,0.33116535850903484,0.3659956491433694,1.0,0.9,2.0036341458348574,-0.04460836180137526,0.40198480746511867,0.49986998942615657,1.0,1.0,1.3991092297801915,0.4087444344081019,1.0,0.9285714285714286,1.8309127412478097,0.7048853391935149,0.564385052356954,1.0,4.2716650529725495,0.7,0.7705624999999999,0.7,0,1800,1,False,,,0,,6.002259016036987
phase3c_final_highrep_v1,350ccb9c668fdd57,smaller_effects_harder_study,60,11,265511,0,1.08,48.0,False,False,0.03147498572448704,0.5501114899494236,0.6557471470560331,0.9,0.9,1.9373784975183845,0.2737827598582494,0.788694544960034,1.1211375436590212,0.5,0.75,1.4054289808574858,0.8162562962316083,0.7857142857142857,0.8571428571428571,1.7853929213295563,1.7483231959958323,1.4120871496258138,0.7333333333333333,4.203991313351,0.85,0.8281875,0.85,0,1800,0,False,,,0,,6.056152582168579
phase3c_final_highrep_v1,350ccb9c668fdd57,smaller_effects_harder_study,60,12,265512,0,1.04,68.0,True,False,-0.14678762002848275,0.40687357535239144,0.49136177971642897,0.9,1.0,1.9920058741395814,0.07657779279783608,0.523258586597148,0.6954259554241673,0.5,0.75,1.431410101553877,0.5573427403807303,0.7857142857142857,0.9285714285714286,1.8318356534008085,1.4860843436690514,1.358887039195557,0.9333333333333333,4.567253705541064,0.85,0.8119375,0.85,0,1800,0,False,,,0,,5.86135196685791
phase3c_final_highrep_v1,350ccb9c668fdd57,smaller_effects_harder_study,60,13,265513,0,1.07,35.0,False,False,0.2401746196821933,0.3609461342492516,0.4205429623402385,1.0,1.0,1.9851778738775785,0.5256658674977437,0.5932129722047377,0.6639317512741728,0.75,0.75,1.4963705174854025,0.5022652481606984,0.9285714285714286,0.9285714285714286,1.8455186291940995,0.767462869798013,0.5806658391054761,1.0,4.624194974708013,0.9,0.8994375,0.9,0,1800,1,False,,,0,,6.048154830932617
phase3c_final_highrep_v1,350ccb9c668fdd57,smaller_effects_harder_study,60,14,265514,0,1.12,14.0,False,False,0.04418613749300506,0.37994943956131877,0.4593513814814476,1.0,1.0,2.0114883233624594,0.30409987255356974,0.461890440125458,0.6532715014448036,0.75,0.75,1.4816956691078267,0.5221584006443787,0.9285714285714286,0.9285714285714286,1.8601189935754217,1.2636249893077514,1.0497021638143815,0.85,3.8985295409919876,0.95,0.8915625,0.95,0,1800,0,False,,,0,,6.113851308822632
phase3c_final_highrep_v1,350ccb9c668fdd57,smaller_effects_harder_study,60,15,265515,0,1.06,34.0,False,False,0.0035643975962632466,0.29256047360277665,0.34014386349452913,1.0,1.0,1.9721179818728962,0.39147901037392324,0.39147901037392324,0.5948186523082952,0.75,0.75,1.4278368813164426,0.42863699220946483,0.9285714285714286,0.9285714285714286,1.816609095999624,0.6895786458027447,0.5742003183700853,1.0,4.2902617943188925,0.9,0.8664375,0.9,0,1800,2,False,,,0,,9.37047028541565
phase3c_final_highrep_v1,350ccb9c668fdd57,smaller_effects_harder_study,60,16,265516,0,1.18,10.0,False,False,0.07637708904895564,0.48521465898354793,0.5496320430032198,1.0,0.9,1.9029323151307858,0.25739801924530836,0.3097105081185386,0.3773256781841765,0.75,1.0,1.4140069414002796,0.5064196803208303,0.9285714285714286,0.9285714285714286,1.763239351207784,1.2095123928931617,0.95789962142403,0.9666666666666667,4.708894046506723,0.9,0.8468125000000001,0.9,0,1800,2,False,,,0,,7.050199508666992
phase3c_final_highrep_v1,350ccb9c668fdd57,smaller_effects_harder_study,60,17,265517,0,1.04,46.0,False,False,0.07903076194314149,0.44445272755877774,0.6237381707906655,0.8,1.0,2.0319955274062367,0.6344966476361799,0.6344966476361799,0.7892528043469612,0.75,0.75,1.4696501705519434,0.675181087544616,0.7857142857142857,0.9285714285714286,1.871325425447867,1.5750189436628819,1.2449260876568784,0.7833333333333333,3.9563132257965887,0.9,0.9063125,0.9,0,1800,0,False,,,0,,7.005573034286499
phase3c_final_highrep_v1,350ccb9c668fdd57,smaller_effects_harder_study,60,18,265518,0,1.06,35.0,False,False,-0.0825362360280364,0.3000338558903569,0.3599034502406932,1.0,1.0,1.999625517592691,0.3811488334489253,0.5509100010896735,0.9149189875674099,0.75,0.75,1.4037279966304672,0.5759223627115183,0.9285714285714286,0.9285714285714286,1.8293690830320555,0.6612307507806672,0.5022232691272833,1.0,4.952773429994344,0.9,0.906625,0.9,0,1800,1,False,,,0,,6.9157490730285645
phase3c_final_highrep_v1,350ccb9c668fdd57,smaller_effects_harder_study,60,19,265519,0,1.03,70.0,True,False,-0.16013620640421572,0.3696251227174648,0.4678417509443122,1.0,0.9,2.0248820550301128,0.0050697318362327715,0.2597707525188128,0.3296212723957239,1.0,1.0,1.4156639802938047,0.43287739703799855,1.0,0.9285714285714286,1.850819747962596,0.9752168659650229,0.7598735108123756,0.9833333333333333,4.655670554109849,0.8,0.8262500000000002,0.8,0,1800,2,False,,,0,,6.8774192333221436
phase3c_final_highrep_v1,350ccb9c668fdd57,smaller_effects_harder_study,60,20,265520,0,1.03,54.0,True,False,0.09448706956579264,0.38377996348822,0.4308480072073515,1.0,1.0,1.948222503067889,0.2415763678103934,0.4060125208939612,0.46026431835985454,1.0,0.75,1.4121246271554524,0.4394536400192619,1.0,0.9285714285714286,1.7950516813786217,0.6743188242224043,0.5020307577027446,1.0,4.086487592678579,0.85,0.8545625000000001,0.85,0,1800,0,False,,,0,,6.268370151519775
phase3c_final_highrep_v1,350ccb9c668fdd57,smaller_effects_harder_study,80,1,285501,0,1.05,46.0,False,False,-0.00324717289412072,0.3798361714408342,0.4514862419738826,1.0,1.0,1.687524408169607,0.3636726316936045,0.5296070841521465,0.7652263628228866,0.75,0.75,1.2702348704713828,0.5593800019634985,0.9285714285714286,0.9285714285714286,1.5682988259701145,0.6770322565701838,0.5420416577510774,1.0,3.91097631207693,0.85,0.86575,0.85,0,2400,2,False,,,0,,6.280580043792725
phase3c_final_highrep_v1,350ccb9c668fdd57,smaller_effects_harder_study,80,2,285502,0,1.06,37.0,False,False,-0.02146521329395602,0.5099457235998284,0.6047691255066707,0.8,0.9,1.6797985268005167,0.2752270500326319,0.2752270500326319,0.3866370396980662,1.0,0.75,1.244744340594486,0.5513237157402543,0.8571428571428571,0.8571428571428571,1.5554973307416506,1.700578655940381,1.5662966562958798,0.7166666666666667,3.8025805410552262,0.8,0.8219375,0.8,0,2400,1,False,,,0,,8.447100162506104
phase3c_final_highrep_v1,350ccb9c668fdd57,smaller_effects_harder_study,80,3,285503,0,1.03,66.0,True,False,-0.11081126017211491,0.4070461177979411,0.4763984972859488,0.9,1.0,1.7599609461220134,0.35403162721651515,0.5668497953707893,0.7572239265255168,0.5,0.75,1.3214703158148382,0.5709082727032417,0.7857142857142857,0.9285714285714286,1.634677908891392,0.9078572951476094,0.7326107225418285,0.9666666666666667,3.824525897738723,0.9,0.8510625,0.9,0,2400,0,False,,,0,,6.477607488632202
phase3c_final_highrep_v1,350ccb9c668fdd57,smaller_effects_harder_study,80,4,285504,0,1.05,59.0,True,False,-0.1672526349447785,0.2824623412628504,0.34637691250088143,1.0,1.0,1.797946175935295,0.3971668477004741,0.418797456368245,0.6051163956619593,0.75,0.75,1.3010331985057193,0.4362529626859788,0.9285714285714286,0.9285714285714286,1.655971039526845,0.7848169537787624,0.6100869505907501,0.9833333333333333,3.4743018521760303,0.9,0.8782500000000001,0.9,0,2400,2,False,,,0,,7.226958751678467
phase3c_final_highrep_v1,350ccb9c668fdd57,smaller_effects_harder_study,80,5,285505,0,1.15,12.0,False,False,-0.06455245330377887,0.5240966630182671,0.5830971919212318,0.9,0.8,1.7457523967070874,0.27467270133454746,0.3977806369407041,0.4462594792378816,1.0,1.0,1.2965497241631496,0.5475016923328652,0.9285714285714286,0.8571428571428571,1.617408775980248,0.9381999640457136,0.7448921956309829,1.0,4.444325836173268,0.9,0.8878125000000001,0.9,0,2400,0,False,,,0,,7.3577539920806885
phase3c_final_highrep_v1,350ccb9c668fdd57,smaller_effects_harder_study,80,6,285506,0,1.03,53.0,True,False,-0.005571954289282083,0.38012835573148224,0.49670119623281644,0.9,1.0,1.7511757417050737,0.3166487888239836,0.3513240284094282,0.5208377108487713,0.75,0.75,1.272578587285461,0.5037153722632215,0.8571428571428571,0.9285714285714286,1.6144336975851843,0.6058116650504282,0.45018178971911965,1.0,3.760402192335058,0.9,0.868125,0.9,0,2400,4,False,,,0,,7.708368301391602
phase3c_final_highrep_v1,350ccb9c668fdd57,smaller_effects_harder_study,80,7,285507,0,1.07,51.0,False,False,0.00032308900926480977,0.37823360388615324,0.45242320561922933,0.9,1.0,1.7446810240682136,0.41677615413067953,0.41677615413067953,0.48572599089972485,1.0,0.75,1.2818195054664832,0.4621832137312982,0.9285714285714286,0.9285714285714286,1.6124348758962905,0.969639777601083,0.7674365900417026,0.9666666666666667,3.6739608554405065,0.9,0.8576874999999999,0.9,0,2400,0,False,,,0,,7.537781000137329
phase3c_final_highrep_v1,350ccb9c668fdd57,smaller_effects_harder_study,80,8,285508,0,1.01,86.0,True,False,-0.05062554936465955,0.3822898545496376,0.4429056208623735,1.0,1.0,1.7526507425829831,0.2142105605990021,0.5307869552726749,0.6374653654054998,0.5,0.75,1.2338724943762278,0.5061833559859732,0.8571428571428571,0.9285714285714286,1.6044283859524813,2.6519404673017353,2.524016006592016,0.21666666666666667,3.682524234093669,0.8,0.798625,0.8,0,2400,1,False,,,0,,8.082582473754883
phase3c_final_highrep_v1,350ccb9c668fdd57,smaller_effects_harder_study,80,9,285509,0,1.03,66.0,True,False,0.07422209228847555,0.37789406394188,0.48320421924910273,0.9,0.9,1.7115404793675844,0.41110422858394635,0.41110422858394635,0.5637268223094964,0.75,1.0,1.2829817897368532,0.5075160022646718,0.8571428571428571,0.9285714285714286,1.5890951394730892,1.0834957045889355,0.9240946150245968,0.95,3.854233528062631,1.0,0.9398125,1.0,0,2400,0,False,,,0,,7.82371973991394
phase3c_final_highrep_v1,350ccb9c668fdd57,smaller_effects_harder_study,80,10,285510,0,1.07,26.0,False,False,-0.016969838435783237,0.3687057300747479,0.5762611677108426,0.9,0.8,1.7838415282397828,0.43419021427273935,0.44996604104249244,0.6482077041792738,0.75,0.75,1.299023996331027,0.5977016841406576,0.8571428571428571,0.7857142857142857,1.6453222334087099,1.9502035860030646,1.808376441097116,0.6,3.803287714499968,0.9,0.8692499999999999,0.9,0,2400,0,False,,,0,,9.434079885482788
phase3c_final_highrep_v1,350ccb9c668fdd57,smaller_effects_harder_study,80,11,285511,0,1.08,29.0,False,False,-0.16982002746290378,0.449019741459567,0.5178641929523807,1.0,1.0,1.6783297216641357,0.36765002920822176,0.4291550179765432,0.784163330599349,0.75,0.75,1.2327523348268672,0.6060104749005617,0.9285714285714286,0.9285714285714286,1.5510218968534877,1.2646887150981068,1.0563702184971389,0.9166666666666666,3.779379052685362,0.9,0.8797500000000001,0.9,0,2400,0,False,,,0,,7.419255971908569
phase3c_final_highrep_v1,350ccb9c668fdd57,smaller_effects_harder_study,80,12,285512,0,1.15,11.0,False,False,-0.03204260288606735,0.5631466774922843,0.7855188008233038,0.8,1.0,1.7454321578599608,0.23908646788222643,0.32976293137329304,0.5501016984154986,0.75,0.75,1.2469731369357242,0.726087626493981,0.7857142857142857,0.9285714285714286,1.6030152947387502,1.1455526092351909,0.9639404128675481,0.9666666666666667,4.031963945369222,0.9,0.8353124999999999,0.9,0,2400,1,False,,,0,,7.607308864593506
phase3c_final_highrep_v1,350ccb9c668fdd57,smaller_effects_harder_study,80,13,285513,0,1.08,31.0,False,False,-0.2675228043744514,0.31271522895719084,0.38042653328347253,1.0,0.9,1.7448888860902667,0.13848361999855174,0.3255883231280019,0.3952024627186422,1.0,1.0,1.294930820142553,0.3847061418812629,1.0,0.9285714285714286,1.6163294386766343,0.8497562021867974,0.6955769713608404,1.0,4.170319745934934,0.95,0.9144375,0.95,0,2400,5,False,,,0,,8.26960825920105
phase3c_final_highrep_v1,350ccb9c668fdd57,smaller_effects_harder_study,80,14,285514,0,1.06,41.0,False,False,0.08973917185154917,0.34545136579400326,0.42568209919746036,0.9,0.9,1.7417675295324808,0.3289610738785824,0.4679525971849955,0.5753890013425697,0.75,1.0,1.2834302821520631,0.47331222760725317,0.8571428571428571,0.9285714285714286,1.6108140302809328,0.6023749785939186,0.45332942948298083,1.0,4.071492516005972,0.85,0.819875,0.85,0,2400,2,False,,,0,,8.813088655471802
phase3c_final_highrep_v1,350ccb9c668fdd57,smaller_effects_harder_study,80,15,285515,0,1.03,73.0,True,False,-0.07284379555549399,0.27578663871765396,0.31169674591576724,1.0,1.0,1.7333128406145761,0.393794817353197,0.64539859543123,0.8317267924939368,0.75,0.75,1.2846952239714775,0.5167637235411635,0.9285714285714286,0.9285714285714286,1.6051363787165478,1.5181297080352183,1.3917177559738296,0.7666666666666667,3.765827197036495,1.0,0.9085000000000001,1.0,0,2400,0,False,,,0,,9.283154487609863
phase3c_final_highrep_v1,350ccb9c668fdd57,smaller_effects_harder_study,80,16,285516,0,1.04,40.0,False,False,-0.04234364507021341,0.2736832778097983,0.32989400284224835,1.0,1.0,1.7428379397094478,0.19938527498807718,0.30518580138799306,0.4838764656314854,0.75,0.75,1.2683784794029813,0.38030497790597395,0.9285714285714286,0.9285714285714286,1.6072780939076003,0.6104782084595684,0.5073254617831321,1.0,4.091224475903508,0.95,0.9077500000000001,0.95,0,2400,1,False,,,0,,7.098212957382202
phase3c_final_highrep_v1,350ccb9c668fdd57,smaller_effects_harder_study,80,17,285517,0,1.03,66.0,True,False,-0.3355022783162932,0.36567794848319346,0.45277937756991066,1.0,0.9,1.7103773620757547,-0.09339371549468965,0.25805834386586446,0.2908628692903687,0.75,1.0,1.2371204815325647,0.41304587106495133,0.9285714285714286,0.9285714285714286,1.5751611104919863,1.704639755860183,1.5968721987012924,0.6666666666666666,3.8334106873133185,0.85,0.8264375000000002,0.85,0,2400,2,False,,,0,,7.354531526565552
phase3c_final_highrep_v1,350ccb9c668fdd57,smaller_effects_harder_study,80,18,285518,0,1.05,45.0,False,False,0.1194203797238782,0.3800980833956923,0.44875669648636995,0.9,0.9,1.768641514781536,0.35904894017975375,0.35904894017975375,0.46286514174919313,1.0,1.0,1.306616242391266,0.45283253639094584,0.9285714285714286,0.9285714285714286,1.6366342940986018,0.6111054840916639,0.4869325860856719,1.0,4.100612501526129,0.95,0.88275,0.95,0,2400,2,False,,,0,,7.634079694747925
phase3c_final_highrep_v1,350ccb9c668fdd57,smaller_effects_harder_study,80,19,285519,0,1.06,24.0,False,False,-0.08244258860566125,0.5857596426693609,0.7189592734265129,0.8,0.8,1.7163556165517257,0.25396976880964206,0.2686106030537573,0.33271308241922953,1.0,1.0,1.220277724428699,0.6331224407259747,0.8571428571428571,0.8571428571428571,1.5746190759451468,0.9609573409688639,0.7560120526311602,0.9666666666666667,3.9574307192872973,0.95,0.907,0.9,0,2400,3,False,,,0,,10.228137731552124
phase3c_final_highrep_v1,350ccb9c668fdd57,smaller_effects_harder_study,80,20,285520,0,1.08,28.0,False,False,0.04596358570486979,0.4486176269588995,0.5206899304626731,1.0,0.9,1.7927842968942578,0.3067410368433473,0.3067410368433473,0.4036383016383534,1.0,0.75,1.3176314912652392,0.49010753565272447,1.0,0.8571428571428571,1.6570263524288238,1.1881809767933778,1.0257605347696257,1.0,4.912810183372083,0.9,0.8598125000000001,0.9,0,2400,1,False,,,0,,6.593266487121582
